  1.  2.45  0.
  1.  2.46  2.
  1.  2.47  1.
  1.  2.48  1.
  1.  2.49  0.
  1.  2.5  5.
  1.  2.51  9.
  1.  2.52  7.
  1.  2.53  6.
  1.  2.54  3.
  1.  2.55  3.
  1.  2.56  4.
  1.  2.57  6.
  1.  2.58  3.
  1.  2.59  2.
  1.  2.6  3.
  1.  2.61  2.
  1.  2.62  2.
  1.  2.63  2.
  1.  2.64  3.
  1.  2.65  4.
  1.  2.66  2.
  1.  2.67  4.
  1.  2.68  8.
  1.  2.69  4.
  1.  2.7  7.
  1.  2.71  2.
  1.  2.72  8.
  1.  2.73  2.
  1.  2.74  9.
  1.  2.75  5.
  1.  2.76  8.
  1.  2.77  6.
  1.  2.78  2.
  1.  2.79  3.
  1.  2.8  6.
  1.  2.81  1.
  1.  2.82  1.
  1.  2.83  4.
  1.  2.84  1.
  1.  2.85  2.
  1.  2.86  4.
  1.  2.87  2.
  1.  2.88  1.
  1.  2.89  1.
  1.  2.9  0.
  1.  2.91  1.
  1.  2.92  2.
  1.  2.93  1.
  1.  2.94  1.
  1.  2.95  0.
  1.  2.96  0.
  1.  2.97  1.
  1.  2.98  0.
  1.  2.99  0.
  1.  3.  0.
  1.  3.01  0.
  1.  3.02  1.
  1.  3.03  0.
  1.  3.04  0.
  1.  3.05  0.
  1.  3.06  0.
  1.  3.07  0.
  1.  3.08  0.
  1.  3.09  1.
  1.  3.1  2.
  2.  2.45  3.
  2.  2.46  4.
  2.  2.47  3.
  2.  2.48  4.
  2.  2.49  5.
  2.  2.5  5.
  2.  2.51  7.
  2.  2.52  10.
  2.  2.53  4.
  2.  2.54  9.
  2.  2.55  3.
  2.  2.56  5.
  2.  2.57  13.
  2.  2.58  9.
  2.  2.59  5.
  2.  2.6  7.
  2.  2.61  5.
  2.  2.62  5.
  2.  2.63  5.
  2.  2.64  4.
  2.  2.65  3.
  2.  2.66  5.
  2.  2.67  4.
  2.  2.68  8.
  2.  2.69  10.
  2.  2.7  4.
  2.  2.71  10.
  2.  2.72  12.
  2.  2.73  17.
  2.  2.74  11.
  2.  2.75  9.
  2.  2.76  18.
  2.  2.77  14.
  2.  2.78  19.
  2.  2.79  11.
  2.  2.8  12.
  2.  2.81  7.
  2.  2.82  6.
  2.  2.83  2.
  2.  2.84  4.
  2.  2.85  2.
  2.  2.86  6.
  2.  2.87  4.
  2.  2.88  6.
  2.  2.89  6.
  2.  2.9  2.
  2.  2.91  3.
  2.  2.92  1.
  2.  2.93  6.
  2.  2.94  0.
  2.  2.95  2.
  2.  2.96  0.
  2.  2.97  3.
  2.  2.98  0.
  2.  2.99  1.
  2.  3.  1.
  2.  3.01  1.
  2.  3.02  4.
  2.  3.03  0.
  2.  3.04  0.
  2.  3.05  0.
  2.  3.06  2.
  2.  3.07  4.
  2.  3.08  2.
  2.  3.09  2.
  2.  3.1  0.
  3.  2.45  3.
  3.  2.46  4.
  3.  2.47  5.
  3.  2.48  6.
  3.  2.49  11.
  3.  2.5  9.
  3.  2.51  6.
  3.  2.52  15.
  3.  2.53  13.
  3.  2.54  16.
  3.  2.55  12.
  3.  2.56  15.
  3.  2.57  18.
  3.  2.58  10.
  3.  2.59  10.
  3.  2.6  4.
  3.  2.61  11.
  3.  2.62  9.
  3.  2.63  7.
  3.  2.64  9.
  3.  2.65  6.
  3.  2.66  11.
  3.  2.67  5.
  3.  2.68  14.
  3.  2.69  5.
  3.  2.7  16.
  3.  2.71  18.
  3.  2.72  23.
  3.  2.73  27.
  3.  2.74  28.
  3.  2.75  16.
  3.  2.76  24.
  3.  2.77  22.
  3.  2.78  14.
  3.  2.79  13.
  3.  2.8  9.
  3.  2.81  10.
  3.  2.82  5.
  3.  2.83  5.
  3.  2.84  7.
  3.  2.85  9.
  3.  2.86  7.
  3.  2.87  4.
  3.  2.88  6.
  3.  2.89  1.
  3.  2.9  5.
  3.  2.91  7.
  3.  2.92  2.
  3.  2.93  3.
  3.  2.94  0.
  3.  2.95  2.
  3.  2.96  2.
  3.  2.97  1.
  3.  2.98  3.
  3.  2.99  0.
  3.  3.  0.
  3.  3.01  0.
  3.  3.02  0.
  3.  3.03  0.
  3.  3.04  2.
  3.  3.05  1.
  3.  3.06  1.
  3.  3.07  3.
  3.  3.08  0.
  3.  3.09  2.
  3.  3.1  0.
  4.  2.45  1.
  4.  2.46  6.
  4.  2.47  7.
  4.  2.48  10.
  4.  2.49  7.
  4.  2.5  12.
  4.  2.51  17.
  4.  2.52  15.
  4.  2.53  19.
  4.  2.54  17.
  4.  2.55  16.
  4.  2.56  13.
  4.  2.57  14.
  4.  2.58  13.
  4.  2.59  16.
  4.  2.6  10.
  4.  2.61  6.
  4.  2.62  9.
  4.  2.63  7.
  4.  2.64  13.
  4.  2.65  10.
  4.  2.66  10.
  4.  2.67  13.
  4.  2.68  12.
  4.  2.69  17.
  4.  2.7  16.
  4.  2.71  22.
  4.  2.72  22.
  4.  2.73  32.
  4.  2.74  20.
  4.  2.75  26.
  4.  2.76  28.
  4.  2.77  31.
  4.  2.78  31.
  4.  2.79  21.
  4.  2.8  18.
  4.  2.81  10.
  4.  2.82  8.
  4.  2.83  8.
  4.  2.84  9.
  4.  2.85  8.
  4.  2.86  9.
  4.  2.87  5.
  4.  2.88  9.
  4.  2.89  6.
  4.  2.9  3.
  4.  2.91  10.
  4.  2.92  6.
  4.  2.93  5.
  4.  2.94  4.
  4.  2.95  4.
  4.  2.96  1.
  4.  2.97  2.
  4.  2.98  3.
  4.  2.99  1.
  4.  3.  0.
  4.  3.01  0.
  4.  3.02  1.
  4.  3.03  3.
  4.  3.04  0.
  4.  3.05  0.
  4.  3.06  0.
  4.  3.07  3.
  4.  3.08  1.
  4.  3.09  2.
  4.  3.1  3.
  5.  2.45  5.
  5.  2.46  5.
  5.  2.47  10.
  5.  2.48  12.
  5.  2.49  13.
  5.  2.5  14.
  5.  2.51  20.
  5.  2.52  23.
  5.  2.53  15.
  5.  2.54  16.
  5.  2.55  29.
  5.  2.56  25.
  5.  2.57  18.
  5.  2.58  12.
  5.  2.59  30.
  5.  2.6  13.
  5.  2.61  15.
  5.  2.62  11.
  5.  2.63  13.
  5.  2.64  11.
  5.  2.65  11.
  5.  2.66  10.
  5.  2.67  13.
  5.  2.68  15.
  5.  2.69  18.
  5.  2.7  20.
  5.  2.71  20.
  5.  2.72  36.
  5.  2.73  37.
  5.  2.74  34.
  5.  2.75  41.
  5.  2.76  35.
  5.  2.77  34.
  5.  2.78  31.
  5.  2.79  24.
  5.  2.8  22.
  5.  2.81  19.
  5.  2.82  14.
  5.  2.83  6.
  5.  2.84  9.
  5.  2.85  13.
  5.  2.86  8.
  5.  2.87  8.
  5.  2.88  5.
  5.  2.89  10.
  5.  2.9  9.
  5.  2.91  5.
  5.  2.92  7.
  5.  2.93  5.
  5.  2.94  6.
  5.  2.95  5.
  5.  2.96  4.
  5.  2.97  2.
  5.  2.98  3.
  5.  2.99  2.
  5.  3.  3.
  5.  3.01  3.
  5.  3.02  1.
  5.  3.03  0.
  5.  3.04  2.
  5.  3.05  1.
  5.  3.06  1.
  5.  3.07  0.
  5.  3.08  2.
  5.  3.09  3.
  5.  3.1  4.
  6.  2.45  5.
  6.  2.46  9.
  6.  2.47  7.
  6.  2.48  13.
  6.  2.49  11.
  6.  2.5  22.
  6.  2.51  13.
  6.  2.52  23.
  6.  2.53  27.
  6.  2.54  25.
  6.  2.55  20.
  6.  2.56  21.
  6.  2.57  29.
  6.  2.58  23.
  6.  2.59  24.
  6.  2.6  25.
  6.  2.61  21.
  6.  2.62  7.
  6.  2.63  9.
  6.  2.64  18.
  6.  2.65  13.
  6.  2.66  13.
  6.  2.67  16.
  6.  2.68  15.
  6.  2.69  21.
  6.  2.7  10.
  6.  2.71  28.
  6.  2.72  24.
  6.  2.73  39.
  6.  2.74  38.
  6.  2.75  42.
  6.  2.76  36.
  6.  2.77  32.
  6.  2.78  30.
  6.  2.79  18.
  6.  2.8  16.
  6.  2.81  23.
  6.  2.82  13.
  6.  2.83  10.
  6.  2.84  9.
  6.  2.85  17.
  6.  2.86  9.
  6.  2.87  15.
  6.  2.88  14.
  6.  2.89  6.
  6.  2.9  6.
  6.  2.91  5.
  6.  2.92  4.
  6.  2.93  4.
  6.  2.94  6.
  6.  2.95  5.
  6.  2.96  3.
  6.  2.97  2.
  6.  2.98  5.
  6.  2.99  3.
  6.  3.  1.
  6.  3.01  2.
  6.  3.02  2.
  6.  3.03  0.
  6.  3.04  2.
  6.  3.05  0.
  6.  3.06  1.
  6.  3.07  1.
  6.  3.08  2.
  6.  3.09  1.
  6.  3.1  2.
  7.  2.45  12.
  7.  2.46  6.
  7.  2.47  10.
  7.  2.48  15.
  7.  2.49  17.
  7.  2.5  16.
  7.  2.51  26.
  7.  2.52  29.
  7.  2.53  32.
  7.  2.54  29.
  7.  2.55  26.
  7.  2.56  24.
  7.  2.57  28.
  7.  2.58  18.
  7.  2.59  30.
  7.  2.6  18.
  7.  2.61  15.
  7.  2.62  18.
  7.  2.63  15.
  7.  2.64  16.
  7.  2.65  18.
  7.  2.66  12.
  7.  2.67  17.
  7.  2.68  13.
  7.  2.69  20.
  7.  2.7  26.
  7.  2.71  44.
  7.  2.72  38.
  7.  2.73  42.
  7.  2.74  37.
  7.  2.75  42.
  7.  2.76  45.
  7.  2.77  40.
  7.  2.78  33.
  7.  2.79  27.
  7.  2.8  31.
  7.  2.81  25.
  7.  2.82  12.
  7.  2.83  10.
  7.  2.84  15.
  7.  2.85  12.
  7.  2.86  17.
  7.  2.87  14.
  7.  2.88  17.
  7.  2.89  12.
  7.  2.9  10.
  7.  2.91  10.
  7.  2.92  9.
  7.  2.93  6.
  7.  2.94  5.
  7.  2.95  6.
  7.  2.96  3.
  7.  2.97  4.
  7.  2.98  4.
  7.  2.99  2.
  7.  3.  5.
  7.  3.01  5.
  7.  3.02  1.
  7.  3.03  2.
  7.  3.04  2.
  7.  3.05  0.
  7.  3.06  2.
  7.  3.07  3.
  7.  3.08  5.
  7.  3.09  2.
  7.  3.1  4.
  8.  2.45  10.
  8.  2.46  11.
  8.  2.47  18.
  8.  2.48  14.
  8.  2.49  12.
  8.  2.5  23.
  8.  2.51  13.
  8.  2.52  28.
  8.  2.53  27.
  8.  2.54  27.
  8.  2.55  28.
  8.  2.56  19.
  8.  2.57  23.
  8.  2.58  34.
  8.  2.59  19.
  8.  2.6  27.
  8.  2.61  22.
  8.  2.62  14.
  8.  2.63  17.
  8.  2.64  13.
  8.  2.65  13.
  8.  2.66  14.
  8.  2.67  26.
  8.  2.68  11.
  8.  2.69  21.
  8.  2.7  29.
  8.  2.71  25.
  8.  2.72  35.
  8.  2.73  24.
  8.  2.74  47.
  8.  2.75  51.
  8.  2.76  48.
  8.  2.77  49.
  8.  2.78  34.
  8.  2.79  36.
  8.  2.8  11.
  8.  2.81  25.
  8.  2.82  14.
  8.  2.83  16.
  8.  2.84  12.
  8.  2.85  17.
  8.  2.86  13.
  8.  2.87  15.
  8.  2.88  16.
  8.  2.89  10.
  8.  2.9  9.
  8.  2.91  12.
  8.  2.92  6.
  8.  2.93  11.
  8.  2.94  10.
  8.  2.95  9.
  8.  2.96  7.
  8.  2.97  4.
  8.  2.98  2.
  8.  2.99  1.
  8.  3.  3.
  8.  3.01  2.
  8.  3.02  2.
  8.  3.03  1.
  8.  3.04  1.
  8.  3.05  3.
  8.  3.06  4.
  8.  3.07  0.
  8.  3.08  2.
  8.  3.09  5.
  8.  3.1  1.
  9.  2.45  6.
  9.  2.46  13.
  9.  2.47  25.
  9.  2.48  13.
  9.  2.49  15.
  9.  2.5  26.
  9.  2.51  31.
  9.  2.52  39.
  9.  2.53  34.
  9.  2.54  33.
  9.  2.55  22.
  9.  2.56  24.
  9.  2.57  35.
  9.  2.58  20.
  9.  2.59  22.
  9.  2.6  25.
  9.  2.61  13.
  9.  2.62  20.
  9.  2.63  18.
  9.  2.64  14.
  9.  2.65  13.
  9.  2.66  22.
  9.  2.67  22.
  9.  2.68  24.
  9.  2.69  16.
  9.  2.7  21.
  9.  2.71  34.
  9.  2.72  28.
  9.  2.73  36.
  9.  2.74  39.
  9.  2.75  41.
  9.  2.76  49.
  9.  2.77  33.
  9.  2.78  38.
  9.  2.79  24.
  9.  2.8  29.
  9.  2.81  23.
  9.  2.82  26.
  9.  2.83  21.
  9.  2.84  10.
  9.  2.85  13.
  9.  2.86  9.
  9.  2.87  17.
  9.  2.88  4.
  9.  2.89  16.
  9.  2.9  13.
  9.  2.91  8.
  9.  2.92  10.
  9.  2.93  9.
  9.  2.94  6.
  9.  2.95  5.
  9.  2.96  8.
  9.  2.97  4.
  9.  2.98  3.
  9.  2.99  3.
  9.  3.  4.
  9.  3.01  4.
  9.  3.02  3.
  9.  3.03  3.
  9.  3.04  2.
  9.  3.05  2.
  9.  3.06  1.
  9.  3.07  2.
  9.  3.08  2.
  9.  3.09  1.
  9.  3.1  0.
  10.  2.45  9.
  10.  2.46  16.
  10.  2.47  15.
  10.  2.48  16.
  10.  2.49  15.
  10.  2.5  28.
  10.  2.51  24.
  10.  2.52  32.
  10.  2.53  32.
  10.  2.54  34.
  10.  2.55  35.
  10.  2.56  30.
  10.  2.57  39.
  10.  2.58  23.
  10.  2.59  32.
  10.  2.6  30.
  10.  2.61  18.
  10.  2.62  9.
  10.  2.63  12.
  10.  2.64  12.
  10.  2.65  16.
  10.  2.66  13.
  10.  2.67  22.
  10.  2.68  18.
  10.  2.69  25.
  10.  2.7  32.
  10.  2.71  30.
  10.  2.72  35.
  10.  2.73  38.
  10.  2.74  42.
  10.  2.75  53.
  10.  2.76  35.
  10.  2.77  50.
  10.  2.78  40.
  10.  2.79  25.
  10.  2.8  20.
  10.  2.81  23.
  10.  2.82  19.
  10.  2.83  20.
  10.  2.84  15.
  10.  2.85  8.
  10.  2.86  13.
  10.  2.87  15.
  10.  2.88  17.
  10.  2.89  16.
  10.  2.9  16.
  10.  2.91  4.
  10.  2.92  15.
  10.  2.93  12.
  10.  2.94  7.
  10.  2.95  3.
  10.  2.96  7.
  10.  2.97  1.
  10.  2.98  3.
  10.  2.99  5.
  10.  3.  4.
  10.  3.01  2.
  10.  3.02  5.
  10.  3.03  0.
  10.  3.04  2.
  10.  3.05  3.
  10.  3.06  3.
  10.  3.07  2.
  10.  3.08  1.
  10.  3.09  3.
  10.  3.1  1.
  11.  2.45  10.
  11.  2.46  10.
  11.  2.47  12.
  11.  2.48  14.
  11.  2.49  29.
  11.  2.5  27.
  11.  2.51  32.
  11.  2.52  35.
  11.  2.53  34.
  11.  2.54  41.
  11.  2.55  37.
  11.  2.56  31.
  11.  2.57  42.
  11.  2.58  27.
  11.  2.59  22.
  11.  2.6  22.
  11.  2.61  26.
  11.  2.62  21.
  11.  2.63  15.
  11.  2.64  19.
  11.  2.65  14.
  11.  2.66  14.
  11.  2.67  16.
  11.  2.68  14.
  11.  2.69  17.
  11.  2.7  32.
  11.  2.71  27.
  11.  2.72  26.
  11.  2.73  20.
  11.  2.74  46.
  11.  2.75  37.
  11.  2.76  49.
  11.  2.77  42.
  11.  2.78  32.
  11.  2.79  22.
  11.  2.8  23.
  11.  2.81  25.
  11.  2.82  27.
  11.  2.83  19.
  11.  2.84  9.
  11.  2.85  18.
  11.  2.86  19.
  11.  2.87  16.
  11.  2.88  19.
  11.  2.89  9.
  11.  2.9  15.
  11.  2.91  12.
  11.  2.92  9.
  11.  2.93  7.
  11.  2.94  10.
  11.  2.95  4.
  11.  2.96  7.
  11.  2.97  4.
  11.  2.98  6.
  11.  2.99  4.
  11.  3.  0.
  11.  3.01  7.
  11.  3.02  1.
  11.  3.03  4.
  11.  3.04  1.
  11.  3.05  1.
  11.  3.06  1.
  11.  3.07  2.
  11.  3.08  2.
  11.  3.09  6.
  11.  3.1  2.
  12.  2.45  7.
  12.  2.46  19.
  12.  2.47  22.
  12.  2.48  11.
  12.  2.49  25.
  12.  2.5  34.
  12.  2.51  26.
  12.  2.52  28.
  12.  2.53  35.
  12.  2.54  29.
  12.  2.55  35.
  12.  2.56  38.
  12.  2.57  27.
  12.  2.58  25.
  12.  2.59  23.
  12.  2.6  19.
  12.  2.61  27.
  12.  2.62  20.
  12.  2.63  9.
  12.  2.64  10.
  12.  2.65  9.
  12.  2.66  16.
  12.  2.67  8.
  12.  2.68  20.
  12.  2.69  32.
  12.  2.7  25.
  12.  2.71  24.
  12.  2.72  30.
  12.  2.73  25.
  12.  2.74  49.
  12.  2.75  43.
  12.  2.76  38.
  12.  2.77  37.
  12.  2.78  39.
  12.  2.79  30.
  12.  2.8  20.
  12.  2.81  22.
  12.  2.82  17.
  12.  2.83  16.
  12.  2.84  15.
  12.  2.85  14.
  12.  2.86  11.
  12.  2.87  15.
  12.  2.88  12.
  12.  2.89  13.
  12.  2.9  9.
  12.  2.91  10.
  12.  2.92  9.
  12.  2.93  9.
  12.  2.94  14.
  12.  2.95  3.
  12.  2.96  6.
  12.  2.97  4.
  12.  2.98  1.
  12.  2.99  2.
  12.  3.  1.
  12.  3.01  2.
  12.  3.02  2.
  12.  3.03  2.
  12.  3.04  1.
  12.  3.05  3.
  12.  3.06  0.
  12.  3.07  4.
  12.  3.08  1.
  12.  3.09  4.
  12.  3.1  2.
  13.  2.45  16.
  13.  2.46  8.
  13.  2.47  23.
  13.  2.48  18.
  13.  2.49  19.
  13.  2.5  20.
  13.  2.51  31.
  13.  2.52  34.
  13.  2.53  34.
  13.  2.54  33.
  13.  2.55  37.
  13.  2.56  44.
  13.  2.57  37.
  13.  2.58  32.
  13.  2.59  28.
  13.  2.6  23.
  13.  2.61  25.
  13.  2.62  16.
  13.  2.63  14.
  13.  2.64  9.
  13.  2.65  19.
  13.  2.66  14.
  13.  2.67  14.
  13.  2.68  19.
  13.  2.69  13.
  13.  2.7  21.
  13.  2.71  23.
  13.  2.72  35.
  13.  2.73  29.
  13.  2.74  35.
  13.  2.75  31.
  13.  2.76  27.
  13.  2.77  36.
  13.  2.78  27.
  13.  2.79  32.
  13.  2.8  25.
  13.  2.81  16.
  13.  2.82  17.
  13.  2.83  17.
  13.  2.84  15.
  13.  2.85  15.
  13.  2.86  11.
  13.  2.87  13.
  13.  2.88  10.
  13.  2.89  10.
  13.  2.9  10.
  13.  2.91  8.
  13.  2.92  10.
  13.  2.93  12.
  13.  2.94  8.
  13.  2.95  4.
  13.  2.96  8.
  13.  2.97  6.
  13.  2.98  5.
  13.  2.99  7.
  13.  3.  2.
  13.  3.01  1.
  13.  3.02  4.
  13.  3.03  2.
  13.  3.04  1.
  13.  3.05  1.
  13.  3.06  4.
  13.  3.07  1.
  13.  3.08  3.
  13.  3.09  4.
  13.  3.1  5.
  14.  2.45  7.
  14.  2.46  12.
  14.  2.47  13.
  14.  2.48  10.
  14.  2.49  24.
  14.  2.5  27.
  14.  2.51  27.
  14.  2.52  27.
  14.  2.53  38.
  14.  2.54  42.
  14.  2.55  34.
  14.  2.56  33.
  14.  2.57  24.
  14.  2.58  27.
  14.  2.59  24.
  14.  2.6  20.
  14.  2.61  28.
  14.  2.62  15.
  14.  2.63  19.
  14.  2.64  12.
  14.  2.65  10.
  14.  2.66  20.
  14.  2.67  11.
  14.  2.68  7.
  14.  2.69  16.
  14.  2.7  20.
  14.  2.71  22.
  14.  2.72  19.
  14.  2.73  33.
  14.  2.74  32.
  14.  2.75  43.
  14.  2.76  27.
  14.  2.77  32.
  14.  2.78  27.
  14.  2.79  35.
  14.  2.8  15.
  14.  2.81  17.
  14.  2.82  20.
  14.  2.83  17.
  14.  2.84  20.
  14.  2.85  20.
  14.  2.86  16.
  14.  2.87  9.
  14.  2.88  10.
  14.  2.89  10.
  14.  2.9  14.
  14.  2.91  7.
  14.  2.92  12.
  14.  2.93  8.
  14.  2.94  7.
  14.  2.95  6.
  14.  2.96  4.
  14.  2.97  0.
  14.  2.98  3.
  14.  2.99  0.
  14.  3.  3.
  14.  3.01  3.
  14.  3.02  3.
  14.  3.03  1.
  14.  3.04  4.
  14.  3.05  1.
  14.  3.06  1.
  14.  3.07  3.
  14.  3.08  3.
  14.  3.09  3.
  14.  3.1  7.
  15.  2.45  19.
  15.  2.46  11.
  15.  2.47  14.
  15.  2.48  17.
  15.  2.49  21.
  15.  2.5  24.
  15.  2.51  27.
  15.  2.52  30.
  15.  2.53  35.
  15.  2.54  28.
  15.  2.55  48.
  15.  2.56  33.
  15.  2.57  28.
  15.  2.58  33.
  15.  2.59  40.
  15.  2.6  24.
  15.  2.61  19.
  15.  2.62  18.
  15.  2.63  14.
  15.  2.64  10.
  15.  2.65  10.
  15.  2.66  16.
  15.  2.67  15.
  15.  2.68  15.
  15.  2.69  13.
  15.  2.7  19.
  15.  2.71  19.
  15.  2.72  18.
  15.  2.73  24.
  15.  2.74  33.
  15.  2.75  25.
  15.  2.76  23.
  15.  2.77  33.
  15.  2.78  25.
  15.  2.79  24.
  15.  2.8  17.
  15.  2.81  24.
  15.  2.82  17.
  15.  2.83  15.
  15.  2.84  16.
  15.  2.85  9.
  15.  2.86  13.
  15.  2.87  11.
  15.  2.88  19.
  15.  2.89  10.
  15.  2.9  8.
  15.  2.91  13.
  15.  2.92  9.
  15.  2.93  9.
  15.  2.94  7.
  15.  2.95  9.
  15.  2.96  8.
  15.  2.97  5.
  15.  2.98  3.
  15.  2.99  3.
  15.  3.  2.
  15.  3.01  2.
  15.  3.02  1.
  15.  3.03  4.
  15.  3.04  1.
  15.  3.05  1.
  15.  3.06  1.
  15.  3.07  5.
  15.  3.08  3.
  15.  3.09  1.
  15.  3.1  4.
  16.  2.45  10.
  16.  2.46  9.
  16.  2.47  13.
  16.  2.48  18.
  16.  2.49  23.
  16.  2.5  35.
  16.  2.51  32.
  16.  2.52  41.
  16.  2.53  44.
  16.  2.54  42.
  16.  2.55  48.
  16.  2.56  42.
  16.  2.57  25.
  16.  2.58  24.
  16.  2.59  26.
  16.  2.6  20.
  16.  2.61  20.
  16.  2.62  7.
  16.  2.63  16.
  16.  2.64  11.
  16.  2.65  7.
  16.  2.66  9.
  16.  2.67  8.
  16.  2.68  11.
  16.  2.69  15.
  16.  2.7  17.
  16.  2.71  24.
  16.  2.72  22.
  16.  2.73  28.
  16.  2.74  30.
  16.  2.75  31.
  16.  2.76  21.
  16.  2.77  25.
  16.  2.78  16.
  16.  2.79  21.
  16.  2.8  18.
  16.  2.81  13.
  16.  2.82  13.
  16.  2.83  17.
  16.  2.84  17.
  16.  2.85  4.
  16.  2.86  11.
  16.  2.87  15.
  16.  2.88  10.
  16.  2.89  9.
  16.  2.9  11.
  16.  2.91  8.
  16.  2.92  9.
  16.  2.93  7.
  16.  2.94  4.
  16.  2.95  8.
  16.  2.96  3.
  16.  2.97  4.
  16.  2.98  5.
  16.  2.99  1.
  16.  3.  5.
  16.  3.01  0.
  16.  3.02  3.
  16.  3.03  3.
  16.  3.04  3.
  16.  3.05  7.
  16.  3.06  3.
  16.  3.07  5.
  16.  3.08  4.
  16.  3.09  5.
  16.  3.1  1.
  17.  2.45  6.
  17.  2.46  7.
  17.  2.47  17.
  17.  2.48  13.
  17.  2.49  20.
  17.  2.5  21.
  17.  2.51  19.
  17.  2.52  34.
  17.  2.53  41.
  17.  2.54  38.
  17.  2.55  30.
  17.  2.56  37.
  17.  2.57  36.
  17.  2.58  30.
  17.  2.59  27.
  17.  2.6  19.
  17.  2.61  14.
  17.  2.62  16.
  17.  2.63  9.
  17.  2.64  6.
  17.  2.65  13.
  17.  2.66  10.
  17.  2.67  13.
  17.  2.68  13.
  17.  2.69  13.
  17.  2.7  8.
  17.  2.71  11.
  17.  2.72  22.
  17.  2.73  19.
  17.  2.74  16.
  17.  2.75  23.
  17.  2.76  19.
  17.  2.77  26.
  17.  2.78  22.
  17.  2.79  18.
  17.  2.8  15.
  17.  2.81  16.
  17.  2.82  24.
  17.  2.83  13.
  17.  2.84  8.
  17.  2.85  15.
  17.  2.86  21.
  17.  2.87  12.
  17.  2.88  15.
  17.  2.89  13.
  17.  2.9  11.
  17.  2.91  13.
  17.  2.92  13.
  17.  2.93  4.
  17.  2.94  5.
  17.  2.95  7.
  17.  2.96  2.
  17.  2.97  4.
  17.  2.98  4.
  17.  2.99  3.
  17.  3.  1.
  17.  3.01  1.
  17.  3.02  3.
  17.  3.03  3.
  17.  3.04  3.
  17.  3.05  1.
  17.  3.06  2.
  17.  3.07  1.
  17.  3.08  1.
  17.  3.09  1.
  17.  3.1  5.
  18.  2.45  11.
  18.  2.46  21.
  18.  2.47  9.
  18.  2.48  14.
  18.  2.49  20.
  18.  2.5  21.
  18.  2.51  29.
  18.  2.52  34.
  18.  2.53  36.
  18.  2.54  33.
  18.  2.55  23.
  18.  2.56  33.
  18.  2.57  30.
  18.  2.58  24.
  18.  2.59  23.
  18.  2.6  23.
  18.  2.61  16.
  18.  2.62  12.
  18.  2.63  8.
  18.  2.64  5.
  18.  2.65  7.
  18.  2.66  12.
  18.  2.67  11.
  18.  2.68  7.
  18.  2.69  8.
  18.  2.7  14.
  18.  2.71  15.
  18.  2.72  26.
  18.  2.73  23.
  18.  2.74  25.
  18.  2.75  24.
  18.  2.76  24.
  18.  2.77  23.
  18.  2.78  11.
  18.  2.79  17.
  18.  2.8  14.
  18.  2.81  20.
  18.  2.82  14.
  18.  2.83  16.
  18.  2.84  10.
  18.  2.85  7.
  18.  2.86  11.
  18.  2.87  13.
  18.  2.88  14.
  18.  2.89  8.
  18.  2.9  8.
  18.  2.91  8.
  18.  2.92  2.
  18.  2.93  4.
  18.  2.94  11.
  18.  2.95  6.
  18.  2.96  5.
  18.  2.97  3.
  18.  2.98  2.
  18.  2.99  8.
  18.  3.  3.
  18.  3.01  2.
  18.  3.02  1.
  18.  3.03  2.
  18.  3.04  1.
  18.  3.05  2.
  18.  3.06  2.
  18.  3.07  2.
  18.  3.08  1.
  18.  3.09  1.
  18.  3.1  5.
  19.  2.45  4.
  19.  2.46  6.
  19.  2.47  17.
  19.  2.48  14.
  19.  2.49  21.
  19.  2.5  22.
  19.  2.51  29.
  19.  2.52  26.
  19.  2.53  43.
  19.  2.54  30.
  19.  2.55  21.
  19.  2.56  36.
  19.  2.57  31.
  19.  2.58  31.
  19.  2.59  20.
  19.  2.6  24.
  19.  2.61  15.
  19.  2.62  15.
  19.  2.63  12.
  19.  2.64  11.
  19.  2.65  11.
  19.  2.66  7.
  19.  2.67  9.
  19.  2.68  6.
  19.  2.69  10.
  19.  2.7  13.
  19.  2.71  12.
  19.  2.72  15.
  19.  2.73  13.
  19.  2.74  15.
  19.  2.75  22.
  19.  2.76  22.
  19.  2.77  13.
  19.  2.78  21.
  19.  2.79  14.
  19.  2.8  15.
  19.  2.81  14.
  19.  2.82  9.
  19.  2.83  18.
  19.  2.84  9.
  19.  2.85  7.
  19.  2.86  11.
  19.  2.87  13.
  19.  2.88  11.
  19.  2.89  10.
  19.  2.9  10.
  19.  2.91  5.
  19.  2.92  6.
  19.  2.93  8.
  19.  2.94  3.
  19.  2.95  2.
  19.  2.96  5.
  19.  2.97  1.
  19.  2.98  4.
  19.  2.99  5.
  19.  3.  2.
  19.  3.01  2.
  19.  3.02  0.
  19.  3.03  1.
  19.  3.04  3.
  19.  3.05  2.
  19.  3.06  3.
  19.  3.07  3.
  19.  3.08  0.
  19.  3.09  2.
  19.  3.1  2.
  20.  2.45  5.
  20.  2.46  11.
  20.  2.47  11.
  20.  2.48  13.
  20.  2.49  17.
  20.  2.5  27.
  20.  2.51  30.
  20.  2.52  32.
  20.  2.53  36.
  20.  2.54  26.
  20.  2.55  38.
  20.  2.56  26.
  20.  2.57  24.
  20.  2.58  15.
  20.  2.59  18.
  20.  2.6  12.
  20.  2.61  13.
  20.  2.62  12.
  20.  2.63  7.
  20.  2.64  9.
  20.  2.65  4.
  20.  2.66  6.
  20.  2.67  7.
  20.  2.68  12.
  20.  2.69  12.
  20.  2.7  16.
  20.  2.71  12.
  20.  2.72  15.
  20.  2.73  21.
  20.  2.74  22.
  20.  2.75  23.
  20.  2.76  17.
  20.  2.77  19.
  20.  2.78  15.
  20.  2.79  17.
  20.  2.8  18.
  20.  2.81  14.
  20.  2.82  19.
  20.  2.83  13.
  20.  2.84  12.
  20.  2.85  6.
  20.  2.86  12.
  20.  2.87  8.
  20.  2.88  8.
  20.  2.89  3.
  20.  2.9  12.
  20.  2.91  9.
  20.  2.92  6.
  20.  2.93  10.
  20.  2.94  2.
  20.  2.95  6.
  20.  2.96  5.
  20.  2.97  1.
  20.  2.98  4.
  20.  2.99  4.
  20.  3.  3.
  20.  3.01  2.
  20.  3.02  0.
  20.  3.03  1.
  20.  3.04  2.
  20.  3.05  2.
  20.  3.06  0.
  20.  3.07  2.
  20.  3.08  4.
  20.  3.09  2.
  20.  3.1  1.
  21.  2.45  9.
  21.  2.46  6.
  21.  2.47  11.
  21.  2.48  16.
  21.  2.49  17.
  21.  2.5  20.
  21.  2.51  19.
  21.  2.52  19.
  21.  2.53  33.
  21.  2.54  25.
  21.  2.55  37.
  21.  2.56  24.
  21.  2.57  22.
  21.  2.58  26.
  21.  2.59  20.
  21.  2.6  11.
  21.  2.61  11.
  21.  2.62  8.
  21.  2.63  11.
  21.  2.64  12.
  21.  2.65  8.
  21.  2.66  12.
  21.  2.67  9.
  21.  2.68  9.
  21.  2.69  11.
  21.  2.7  16.
  21.  2.71  8.
  21.  2.72  13.
  21.  2.73  14.
  21.  2.74  11.
  21.  2.75  15.
  21.  2.76  22.
  21.  2.77  15.
  21.  2.78  17.
  21.  2.79  18.
  21.  2.8  12.
  21.  2.81  9.
  21.  2.82  19.
  21.  2.83  9.
  21.  2.84  11.
  21.  2.85  10.
  21.  2.86  5.
  21.  2.87  7.
  21.  2.88  8.
  21.  2.89  13.
  21.  2.9  2.
  21.  2.91  10.
  21.  2.92  6.
  21.  2.93  5.
  21.  2.94  7.
  21.  2.95  6.
  21.  2.96  1.
  21.  2.97  6.
  21.  2.98  0.
  21.  2.99  3.
  21.  3.  2.
  21.  3.01  2.
  21.  3.02  3.
  21.  3.03  1.
  21.  3.04  7.
  21.  3.05  0.
  21.  3.06  0.
  21.  3.07  3.
  21.  3.08  4.
  21.  3.09  1.
  21.  3.1  0.
  22.  2.45  5.
  22.  2.46  8.
  22.  2.47  12.
  22.  2.48  12.
  22.  2.49  8.
  22.  2.5  23.
  22.  2.51  29.
  22.  2.52  23.
  22.  2.53  29.
  22.  2.54  29.
  22.  2.55  26.
  22.  2.56  22.
  22.  2.57  23.
  22.  2.58  16.
  22.  2.59  25.
  22.  2.6  18.
  22.  2.61  10.
  22.  2.62  10.
  22.  2.63  12.
  22.  2.64  8.
  22.  2.65  6.
  22.  2.66  4.
  22.  2.67  5.
  22.  2.68  7.
  22.  2.69  5.
  22.  2.7  6.
  22.  2.71  14.
  22.  2.72  9.
  22.  2.73  12.
  22.  2.74  20.
  22.  2.75  17.
  22.  2.76  16.
  22.  2.77  15.
  22.  2.78  15.
  22.  2.79  17.
  22.  2.8  15.
  22.  2.81  9.
  22.  2.82  8.
  22.  2.83  8.
  22.  2.84  6.
  22.  2.85  6.
  22.  2.86  7.
  22.  2.87  3.
  22.  2.88  6.
  22.  2.89  9.
  22.  2.9  7.
  22.  2.91  5.
  22.  2.92  1.
  22.  2.93  3.
  22.  2.94  5.
  22.  2.95  3.
  22.  2.96  2.
  22.  2.97  4.
  22.  2.98  3.
  22.  2.99  2.
  22.  3.  3.
  22.  3.01  2.
  22.  3.02  3.
  22.  3.03  2.
  22.  3.04  1.
  22.  3.05  1.
  22.  3.06  1.
  22.  3.07  0.
  22.  3.08  0.
  22.  3.09  3.
  22.  3.1  3.
  23.  2.45  4.
  23.  2.46  7.
  23.  2.47  8.
  23.  2.48  9.
  23.  2.49  18.
  23.  2.5  15.
  23.  2.51  25.
  23.  2.52  27.
  23.  2.53  24.
  23.  2.54  23.
  23.  2.55  25.
  23.  2.56  21.
  23.  2.57  14.
  23.  2.58  30.
  23.  2.59  16.
  23.  2.6  16.
  23.  2.61  16.
  23.  2.62  10.
  23.  2.63  11.
  23.  2.64  10.
  23.  2.65  9.
  23.  2.66  7.
  23.  2.67  5.
  23.  2.68  4.
  23.  2.69  7.
  23.  2.7  10.
  23.  2.71  6.
  23.  2.72  11.
  23.  2.73  14.
  23.  2.74  16.
  23.  2.75  16.
  23.  2.76  19.
  23.  2.77  16.
  23.  2.78  19.
  23.  2.79  16.
  23.  2.8  15.
  23.  2.81  10.
  23.  2.82  12.
  23.  2.83  8.
  23.  2.84  3.
  23.  2.85  10.
  23.  2.86  8.
  23.  2.87  6.
  23.  2.88  9.
  23.  2.89  5.
  23.  2.9  3.
  23.  2.91  8.
  23.  2.92  3.
  23.  2.93  5.
  23.  2.94  4.
  23.  2.95  5.
  23.  2.96  6.
  23.  2.97  4.
  23.  2.98  3.
  23.  2.99  2.
  23.  3.  1.
  23.  3.01  3.
  23.  3.02  3.
  23.  3.03  0.
  23.  3.04  2.
  23.  3.05  0.
  23.  3.06  0.
  23.  3.07  1.
  23.  3.08  0.
  23.  3.09  3.
  23.  3.1  2.
  24.  2.45  6.
  24.  2.46  6.
  24.  2.47  5.
  24.  2.48  6.
  24.  2.49  9.
  24.  2.5  14.
  24.  2.51  21.
  24.  2.52  23.
  24.  2.53  24.
  24.  2.54  20.
  24.  2.55  20.
  24.  2.56  21.
  24.  2.57  31.
  24.  2.58  10.
  24.  2.59  24.
  24.  2.6  20.
  24.  2.61  13.
  24.  2.62  7.
  24.  2.63  7.
  24.  2.64  10.
  24.  2.65  7.
  24.  2.66  9.
  24.  2.67  7.
  24.  2.68  7.
  24.  2.69  10.
  24.  2.7  8.
  24.  2.71  6.
  24.  2.72  13.
  24.  2.73  12.
  24.  2.74  10.
  24.  2.75  19.
  24.  2.76  13.
  24.  2.77  16.
  24.  2.78  14.
  24.  2.79  14.
  24.  2.8  6.
  24.  2.81  5.
  24.  2.82  9.
  24.  2.83  6.
  24.  2.84  8.
  24.  2.85  11.
  24.  2.86  9.
  24.  2.87  6.
  24.  2.88  6.
  24.  2.89  10.
  24.  2.9  11.
  24.  2.91  8.
  24.  2.92  4.
  24.  2.93  7.
  24.  2.94  4.
  24.  2.95  2.
  24.  2.96  3.
  24.  2.97  0.
  24.  2.98  0.
  24.  2.99  8.
  24.  3.  0.
  24.  3.01  1.
  24.  3.02  0.
  24.  3.03  1.
  24.  3.04  1.
  24.  3.05  1.
  24.  3.06  1.
  24.  3.07  0.
  24.  3.08  1.
  24.  3.09  0.
  24.  3.1  1.
  25.  2.45  4.
  25.  2.46  4.
  25.  2.47  6.
  25.  2.48  9.
  25.  2.49  12.
  25.  2.5  7.
  25.  2.51  16.
  25.  2.52  19.
  25.  2.53  22.
  25.  2.54  22.
  25.  2.55  21.
  25.  2.56  17.
  25.  2.57  24.
  25.  2.58  16.
  25.  2.59  20.
  25.  2.6  12.
  25.  2.61  6.
  25.  2.62  8.
  25.  2.63  6.
  25.  2.64  8.
  25.  2.65  7.
  25.  2.66  9.
  25.  2.67  5.
  25.  2.68  9.
  25.  2.69  5.
  25.  2.7  6.
  25.  2.71  11.
  25.  2.72  14.
  25.  2.73  10.
  25.  2.74  16.
  25.  2.75  15.
  25.  2.76  13.
  25.  2.77  16.
  25.  2.78  11.
  25.  2.79  10.
  25.  2.8  7.
  25.  2.81  12.
  25.  2.82  11.
  25.  2.83  8.
  25.  2.84  6.
  25.  2.85  6.
  25.  2.86  5.
  25.  2.87  5.
  25.  2.88  8.
  25.  2.89  6.
  25.  2.9  9.
  25.  2.91  2.
  25.  2.92  8.
  25.  2.93  6.
  25.  2.94  4.
  25.  2.95  7.
  25.  2.96  0.
  25.  2.97  3.
  25.  2.98  3.
  25.  2.99  3.
  25.  3.  2.
  25.  3.01  1.
  25.  3.02  0.
  25.  3.03  0.
  25.  3.04  2.
  25.  3.05  1.
  25.  3.06  0.
  25.  3.07  2.
  25.  3.08  2.
  25.  3.09  0.
  25.  3.1  3.
  26.  2.45  4.
  26.  2.46  4.
  26.  2.47  7.
  26.  2.48  8.
  26.  2.49  6.
  26.  2.5  11.
  26.  2.51  17.
  26.  2.52  27.
  26.  2.53  19.
  26.  2.54  19.
  26.  2.55  19.
  26.  2.56  13.
  26.  2.57  18.
  26.  2.58  14.
  26.  2.59  19.
  26.  2.6  11.
  26.  2.61  7.
  26.  2.62  12.
  26.  2.63  6.
  26.  2.64  7.
  26.  2.65  6.
  26.  2.66  4.
  26.  2.67  6.
  26.  2.68  10.
  26.  2.69  3.
  26.  2.7  8.
  26.  2.71  11.
  26.  2.72  10.
  26.  2.73  14.
  26.  2.74  12.
  26.  2.75  9.
  26.  2.76  14.
  26.  2.77  10.
  26.  2.78  9.
  26.  2.79  12.
  26.  2.8  21.
  26.  2.81  14.
  26.  2.82  12.
  26.  2.83  10.
  26.  2.84  4.
  26.  2.85  3.
  26.  2.86  10.
  26.  2.87  4.
  26.  2.88  4.
  26.  2.89  5.
  26.  2.9  6.
  26.  2.91  4.
  26.  2.92  4.
  26.  2.93  2.
  26.  2.94  8.
  26.  2.95  1.
  26.  2.96  3.
  26.  2.97  3.
  26.  2.98  3.
  26.  2.99  1.
  26.  3.  1.
  26.  3.01  0.
  26.  3.02  2.
  26.  3.03  3.
  26.  3.04  1.
  26.  3.05  0.
  26.  3.06  3.
  26.  3.07  0.
  26.  3.08  0.
  26.  3.09  1.
  26.  3.1  1.
  27.  2.45  5.
  27.  2.46  6.
  27.  2.47  9.
  27.  2.48  6.
  27.  2.49  6.
  27.  2.5  17.
  27.  2.51  11.
  27.  2.52  11.
  27.  2.53  19.
  27.  2.54  17.
  27.  2.55  15.
  27.  2.56  25.
  27.  2.57  18.
  27.  2.58  10.
  27.  2.59  17.
  27.  2.6  11.
  27.  2.61  10.
  27.  2.62  11.
  27.  2.63  10.
  27.  2.64  5.
  27.  2.65  7.
  27.  2.66  5.
  27.  2.67  9.
  27.  2.68  6.
  27.  2.69  5.
  27.  2.7  3.
  27.  2.71  8.
  27.  2.72  7.
  27.  2.73  14.
  27.  2.74  14.
  27.  2.75  19.
  27.  2.76  16.
  27.  2.77  11.
  27.  2.78  10.
  27.  2.79  10.
  27.  2.8  7.
  27.  2.81  9.
  27.  2.82  3.
  27.  2.83  11.
  27.  2.84  5.
  27.  2.85  11.
  27.  2.86  5.
  27.  2.87  5.
  27.  2.88  8.
  27.  2.89  5.
  27.  2.9  5.
  27.  2.91  3.
  27.  2.92  7.
  27.  2.93  9.
  27.  2.94  0.
  27.  2.95  5.
  27.  2.96  5.
  27.  2.97  0.
  27.  2.98  0.
  27.  2.99  1.
  27.  3.  0.
  27.  3.01  0.
  27.  3.02  2.
  27.  3.03  0.
  27.  3.04  0.
  27.  3.05  0.
  27.  3.06  0.
  27.  3.07  0.
  27.  3.08  2.
  27.  3.09  0.
  27.  3.1  0.
  28.  2.45  3.
  28.  2.46  5.
  28.  2.47  5.
  28.  2.48  8.
  28.  2.49  12.
  28.  2.5  13.
  28.  2.51  7.
  28.  2.52  15.
  28.  2.53  22.
  28.  2.54  9.
  28.  2.55  14.
  28.  2.56  24.
  28.  2.57  14.
  28.  2.58  14.
  28.  2.59  10.
  28.  2.6  11.
  28.  2.61  8.
  28.  2.62  13.
  28.  2.63  6.
  28.  2.64  8.
  28.  2.65  6.
  28.  2.66  8.
  28.  2.67  3.
  28.  2.68  2.
  28.  2.69  11.
  28.  2.7  6.
  28.  2.71  7.
  28.  2.72  9.
  28.  2.73  16.
  28.  2.74  12.
  28.  2.75  10.
  28.  2.76  17.
  28.  2.77  13.
  28.  2.78  15.
  28.  2.79  9.
  28.  2.8  16.
  28.  2.81  10.
  28.  2.82  11.
  28.  2.83  3.
  28.  2.84  8.
  28.  2.85  5.
  28.  2.86  8.
  28.  2.87  5.
  28.  2.88  4.
  28.  2.89  2.
  28.  2.9  4.
  28.  2.91  7.
  28.  2.92  6.
  28.  2.93  2.
  28.  2.94  2.
  28.  2.95  1.
  28.  2.96  1.
  28.  2.97  5.
  28.  2.98  0.
  28.  2.99  2.
  28.  3.  1.
  28.  3.01  0.
  28.  3.02  2.
  28.  3.03  1.
  28.  3.04  1.
  28.  3.05  1.
  28.  3.06  1.
  28.  3.07  1.
  28.  3.08  2.
  28.  3.09  0.
  28.  3.1  2.
  29.  2.45  4.
  29.  2.46  5.
  29.  2.47  5.
  29.  2.48  3.
  29.  2.49  5.
  29.  2.5  7.
  29.  2.51  12.
  29.  2.52  13.
  29.  2.53  14.
  29.  2.54  15.
  29.  2.55  12.
  29.  2.56  20.
  29.  2.57  15.
  29.  2.58  16.
  29.  2.59  12.
  29.  2.6  11.
  29.  2.61  11.
  29.  2.62  7.
  29.  2.63  9.
  29.  2.64  6.
  29.  2.65  3.
  29.  2.66  7.
  29.  2.67  4.
  29.  2.68  6.
  29.  2.69  4.
  29.  2.7  2.
  29.  2.71  6.
  29.  2.72  7.
  29.  2.73  13.
  29.  2.74  13.
  29.  2.75  17.
  29.  2.76  15.
  29.  2.77  12.
  29.  2.78  13.
  29.  2.79  14.
  29.  2.8  10.
  29.  2.81  7.
  29.  2.82  6.
  29.  2.83  2.
  29.  2.84  4.
  29.  2.85  5.
  29.  2.86  4.
  29.  2.87  4.
  29.  2.88  2.
  29.  2.89  7.
  29.  2.9  3.
  29.  2.91  4.
  29.  2.92  3.
  29.  2.93  5.
  29.  2.94  0.
  29.  2.95  4.
  29.  2.96  2.
  29.  2.97  1.
  29.  2.98  0.
  29.  2.99  1.
  29.  3.  2.
  29.  3.01  1.
  29.  3.02  0.
  29.  3.03  3.
  29.  3.04  2.
  29.  3.05  0.
  29.  3.06  0.
  29.  3.07  0.
  29.  3.08  2.
  29.  3.09  0.
  29.  3.1  4.
  30.  2.45  1.
  30.  2.46  4.
  30.  2.47  8.
  30.  2.48  8.
  30.  2.49  6.
  30.  2.5  6.
  30.  2.51  10.
  30.  2.52  8.
  30.  2.53  12.
  30.  2.54  16.
  30.  2.55  13.
  30.  2.56  15.
  30.  2.57  15.
  30.  2.58  7.
  30.  2.59  13.
  30.  2.6  14.
  30.  2.61  11.
  30.  2.62  4.
  30.  2.63  4.
  30.  2.64  4.
  30.  2.65  3.
  30.  2.66  5.
  30.  2.67  3.
  30.  2.68  6.
  30.  2.69  10.
  30.  2.7  6.
  30.  2.71  8.
  30.  2.72  8.
  30.  2.73  9.
  30.  2.74  10.
  30.  2.75  13.
  30.  2.76  13.
  30.  2.77  8.
  30.  2.78  12.
  30.  2.79  10.
  30.  2.8  6.
  30.  2.81  5.
  30.  2.82  5.
  30.  2.83  7.
  30.  2.84  1.
  30.  2.85  7.
  30.  2.86  7.
  30.  2.87  4.
  30.  2.88  3.
  30.  2.89  4.
  30.  2.9  5.
  30.  2.91  2.
  30.  2.92  3.
  30.  2.93  2.
  30.  2.94  1.
  30.  2.95  2.
  30.  2.96  3.
  30.  2.97  2.
  30.  2.98  6.
  30.  2.99  1.
  30.  3.  0.
  30.  3.01  0.
  30.  3.02  1.
  30.  3.03  2.
  30.  3.04  0.
  30.  3.05  0.
  30.  3.06  1.
  30.  3.07  0.
  30.  3.08  3.
  30.  3.09  1.
  30.  3.1  0.
  31.  2.45  3.
  31.  2.46  2.
  31.  2.47  6.
  31.  2.48  4.
  31.  2.49  5.
  31.  2.5  14.
  31.  2.51  4.
  31.  2.52  11.
  31.  2.53  9.
  31.  2.54  7.
  31.  2.55  12.
  31.  2.56  17.
  31.  2.57  13.
  31.  2.58  6.
  31.  2.59  11.
  31.  2.6  8.
  31.  2.61  11.
  31.  2.62  9.
  31.  2.63  7.
  31.  2.64  7.
  31.  2.65  2.
  31.  2.66  4.
  31.  2.67  4.
  31.  2.68  3.
  31.  2.69  3.
  31.  2.7  12.
  31.  2.71  6.
  31.  2.72  10.
  31.  2.73  15.
  31.  2.74  12.
  31.  2.75  18.
  31.  2.76  13.
  31.  2.77  13.
  31.  2.78  20.
  31.  2.79  17.
  31.  2.8  5.
  31.  2.81  5.
  31.  2.82  8.
  31.  2.83  4.
  31.  2.84  5.
  31.  2.85  3.
  31.  2.86  6.
  31.  2.87  9.
  31.  2.88  3.
  31.  2.89  2.
  31.  2.9  4.
  31.  2.91  3.
  31.  2.92  1.
  31.  2.93  1.
  31.  2.94  2.
  31.  2.95  0.
  31.  2.96  1.
  31.  2.97  2.
  31.  2.98  1.
  31.  2.99  1.
  31.  3.  0.
  31.  3.01  0.
  31.  3.02  0.
  31.  3.03  0.
  31.  3.04  1.
  31.  3.05  0.
  31.  3.06  0.
  31.  3.07  0.
  31.  3.08  0.
  31.  3.09  2.
  31.  3.1  0.
  32.  2.45  3.
  32.  2.46  0.
  32.  2.47  5.
  32.  2.48  3.
  32.  2.49  3.
  32.  2.5  8.
  32.  2.51  15.
  32.  2.52  4.
  32.  2.53  10.
  32.  2.54  13.
  32.  2.55  13.
  32.  2.56  11.
  32.  2.57  10.
  32.  2.58  11.
  32.  2.59  5.
  32.  2.6  7.
  32.  2.61  12.
  32.  2.62  5.
  32.  2.63  3.
  32.  2.64  5.
  32.  2.65  3.
  32.  2.66  2.
  32.  2.67  5.
  32.  2.68  7.
  32.  2.69  6.
  32.  2.7  9.
  32.  2.71  11.
  32.  2.72  4.
  32.  2.73  9.
  32.  2.74  9.
  32.  2.75  10.
  32.  2.76  10.
  32.  2.77  9.
  32.  2.78  5.
  32.  2.79  11.
  32.  2.8  7.
  32.  2.81  9.
  32.  2.82  7.
  32.  2.83  5.
  32.  2.84  4.
  32.  2.85  14.
  32.  2.86  6.
  32.  2.87  5.
  32.  2.88  5.
  32.  2.89  5.
  32.  2.9  5.
  32.  2.91  2.
  32.  2.92  2.
  32.  2.93  5.
  32.  2.94  1.
  32.  2.95  2.
  32.  2.96  2.
  32.  2.97  1.
  32.  2.98  2.
  32.  2.99  0.
  32.  3.  1.
  32.  3.01  0.
  32.  3.02  0.
  32.  3.03  2.
  32.  3.04  0.
  32.  3.05  1.
  32.  3.06  0.
  32.  3.07  1.
  32.  3.08  3.
  32.  3.09  1.
  32.  3.1  2.
  33.  2.45  4.
  33.  2.46  6.
  33.  2.47  3.
  33.  2.48  3.
  33.  2.49  7.
  33.  2.5  10.
  33.  2.51  15.
  33.  2.52  6.
  33.  2.53  14.
  33.  2.54  12.
  33.  2.55  13.
  33.  2.56  12.
  33.  2.57  9.
  33.  2.58  6.
  33.  2.59  6.
  33.  2.6  13.
  33.  2.61  8.
  33.  2.62  6.
  33.  2.63  6.
  33.  2.64  4.
  33.  2.65  2.
  33.  2.66  5.
  33.  2.67  3.
  33.  2.68  5.
  33.  2.69  8.
  33.  2.7  8.
  33.  2.71  8.
  33.  2.72  7.
  33.  2.73  10.
  33.  2.74  9.
  33.  2.75  10.
  33.  2.76  13.
  33.  2.77  14.
  33.  2.78  11.
  33.  2.79  10.
  33.  2.8  11.
  33.  2.81  6.
  33.  2.82  7.
  33.  2.83  6.
  33.  2.84  4.
  33.  2.85  3.
  33.  2.86  6.
  33.  2.87  3.
  33.  2.88  7.
  33.  2.89  2.
  33.  2.9  2.
  33.  2.91  5.
  33.  2.92  2.
  33.  2.93  2.
  33.  2.94  4.
  33.  2.95  3.
  33.  2.96  1.
  33.  2.97  1.
  33.  2.98  2.
  33.  2.99  1.
  33.  3.  1.
  33.  3.01  0.
  33.  3.02  0.
  33.  3.03  1.
  33.  3.04  1.
  33.  3.05  1.
  33.  3.06  0.
  33.  3.07  0.
  33.  3.08  1.
  33.  3.09  0.
  33.  3.1  1.
  34.  2.45  1.
  34.  2.46  5.
  34.  2.47  2.
  34.  2.48  4.
  34.  2.49  3.
  34.  2.5  7.
  34.  2.51  10.
  34.  2.52  11.
  34.  2.53  9.
  34.  2.54  11.
  34.  2.55  15.
  34.  2.56  7.
  34.  2.57  11.
  34.  2.58  11.
  34.  2.59  8.
  34.  2.6  6.
  34.  2.61  6.
  34.  2.62  2.
  34.  2.63  5.
  34.  2.64  8.
  34.  2.65  2.
  34.  2.66  1.
  34.  2.67  4.
  34.  2.68  8.
  34.  2.69  5.
  34.  2.7  6.
  34.  2.71  8.
  34.  2.72  7.
  34.  2.73  4.
  34.  2.74  5.
  34.  2.75  6.
  34.  2.76  5.
  34.  2.77  13.
  34.  2.78  13.
  34.  2.79  10.
  34.  2.8  8.
  34.  2.81  6.
  34.  2.82  11.
  34.  2.83  2.
  34.  2.84  7.
  34.  2.85  6.
  34.  2.86  6.
  34.  2.87  1.
  34.  2.88  6.
  34.  2.89  1.
  34.  2.9  2.
  34.  2.91  4.
  34.  2.92  4.
  34.  2.93  3.
  34.  2.94  2.
  34.  2.95  0.
  34.  2.96  4.
  34.  2.97  3.
  34.  2.98  2.
  34.  2.99  0.
  34.  3.  0.
  34.  3.01  3.
  34.  3.02  0.
  34.  3.03  0.
  34.  3.04  0.
  34.  3.05  0.
  34.  3.06  0.
  34.  3.07  1.
  34.  3.08  0.
  34.  3.09  3.
  34.  3.1  0.
  35.  2.45  0.
  35.  2.46  1.
  35.  2.47  4.
  35.  2.48  8.
  35.  2.49  5.
  35.  2.5  7.
  35.  2.51  6.
  35.  2.52  6.
  35.  2.53  12.
  35.  2.54  6.
  35.  2.55  13.
  35.  2.56  9.
  35.  2.57  8.
  35.  2.58  5.
  35.  2.59  10.
  35.  2.6  7.
  35.  2.61  4.
  35.  2.62  4.
  35.  2.63  3.
  35.  2.64  4.
  35.  2.65  4.
  35.  2.66  2.
  35.  2.67  2.
  35.  2.68  4.
  35.  2.69  4.
  35.  2.7  11.
  35.  2.71  7.
  35.  2.72  5.
  35.  2.73  5.
  35.  2.74  5.
  35.  2.75  6.
  35.  2.76  10.
  35.  2.77  16.
  35.  2.78  6.
  35.  2.79  6.
  35.  2.8  2.
  35.  2.81  4.
  35.  2.82  6.
  35.  2.83  8.
  35.  2.84  4.
  35.  2.85  2.
  35.  2.86  4.
  35.  2.87  6.
  35.  2.88  1.
  35.  2.89  9.
  35.  2.9  2.
  35.  2.91  3.
  35.  2.92  5.
  35.  2.93  2.
  35.  2.94  2.
  35.  2.95  1.
  35.  2.96  3.
  35.  2.97  2.
  35.  2.98  1.
  35.  2.99  0.
  35.  3.  0.
  35.  3.01  0.
  35.  3.02  1.
  35.  3.03  0.
  35.  3.04  0.
  35.  3.05  0.
  35.  3.06  0.
  35.  3.07  0.
  35.  3.08  0.
  35.  3.09  1.
  35.  3.1  0.
  36.  2.45  2.
  36.  2.46  0.
  36.  2.47  2.
  36.  2.48  4.
  36.  2.49  2.
  36.  2.5  5.
  36.  2.51  3.
  36.  2.52  11.
  36.  2.53  4.
  36.  2.54  4.
  36.  2.55  8.
  36.  2.56  11.
  36.  2.57  8.
  36.  2.58  6.
  36.  2.59  7.
  36.  2.6  8.
  36.  2.61  6.
  36.  2.62  6.
  36.  2.63  3.
  36.  2.64  5.
  36.  2.65  5.
  36.  2.66  4.
  36.  2.67  8.
  36.  2.68  1.
  36.  2.69  3.
  36.  2.7  4.
  36.  2.71  2.
  36.  2.72  11.
  36.  2.73  9.
  36.  2.74  6.
  36.  2.75  14.
  36.  2.76  10.
  36.  2.77  6.
  36.  2.78  5.
  36.  2.79  3.
  36.  2.8  8.
  36.  2.81  4.
  36.  2.82  7.
  36.  2.83  1.
  36.  2.84  3.
  36.  2.85  5.
  36.  2.86  3.
  36.  2.87  3.
  36.  2.88  2.
  36.  2.89  3.
  36.  2.9  3.
  36.  2.91  2.
  36.  2.92  4.
  36.  2.93  3.
  36.  2.94  1.
  36.  2.95  2.
  36.  2.96  3.
  36.  2.97  0.
  36.  2.98  1.
  36.  2.99  2.
  36.  3.  1.
  36.  3.01  1.
  36.  3.02  0.
  36.  3.03  0.
  36.  3.04  0.
  36.  3.05  0.
  36.  3.06  1.
  36.  3.07  0.
  36.  3.08  0.
  36.  3.09  1.
  36.  3.1  0.
  37.  2.45  0.
  37.  2.46  1.
  37.  2.47  2.
  37.  2.48  2.
  37.  2.49  2.
  37.  2.5  2.
  37.  2.51  1.
  37.  2.52  7.
  37.  2.53  4.
  37.  2.54  11.
  37.  2.55  5.
  37.  2.56  6.
  37.  2.57  3.
  37.  2.58  9.
  37.  2.59  9.
  37.  2.6  7.
  37.  2.61  7.
  37.  2.62  4.
  37.  2.63  7.
  37.  2.64  2.
  37.  2.65  4.
  37.  2.66  6.
  37.  2.67  4.
  37.  2.68  4.
  37.  2.69  4.
  37.  2.7  4.
  37.  2.71  3.
  37.  2.72  6.
  37.  2.73  2.
  37.  2.74  4.
  37.  2.75  10.
  37.  2.76  8.
  37.  2.77  5.
  37.  2.78  6.
  37.  2.79  7.
  37.  2.8  7.
  37.  2.81  6.
  37.  2.82  6.
  37.  2.83  2.
  37.  2.84  6.
  37.  2.85  4.
  37.  2.86  3.
  37.  2.87  4.
  37.  2.88  4.
  37.  2.89  4.
  37.  2.9  2.
  37.  2.91  2.
  37.  2.92  1.
  37.  2.93  2.
  37.  2.94  1.
  37.  2.95  2.
  37.  2.96  1.
  37.  2.97  2.
  37.  2.98  3.
  37.  2.99  0.
  37.  3.  0.
  37.  3.01  0.
  37.  3.02  0.
  37.  3.03  2.
  37.  3.04  0.
  37.  3.05  0.
  37.  3.06  1.
  37.  3.07  0.
  37.  3.08  1.
  37.  3.09  1.
  37.  3.1  0.
  38.  2.45  1.
  38.  2.46  1.
  38.  2.47  2.
  38.  2.48  2.
  38.  2.49  2.
  38.  2.5  2.
  38.  2.51  2.
  38.  2.52  3.
  38.  2.53  11.
  38.  2.54  6.
  38.  2.55  6.
  38.  2.56  3.
  38.  2.57  3.
  38.  2.58  4.
  38.  2.59  2.
  38.  2.6  3.
  38.  2.61  3.
  38.  2.62  2.
  38.  2.63  5.
  38.  2.64  1.
  38.  2.65  0.
  38.  2.66  7.
  38.  2.67  1.
  38.  2.68  2.
  38.  2.69  1.
  38.  2.7  6.
  38.  2.71  8.
  38.  2.72  7.
  38.  2.73  6.
  38.  2.74  4.
  38.  2.75  4.
  38.  2.76  5.
  38.  2.77  6.
  38.  2.78  4.
  38.  2.79  12.
  38.  2.8  2.
  38.  2.81  5.
  38.  2.82  4.
  38.  2.83  2.
  38.  2.84  6.
  38.  2.85  2.
  38.  2.86  4.
  38.  2.87  2.
  38.  2.88  2.
  38.  2.89  3.
  38.  2.9  0.
  38.  2.91  2.
  38.  2.92  1.
  38.  2.93  0.
  38.  2.94  1.
  38.  2.95  1.
  38.  2.96  2.
  38.  2.97  0.
  38.  2.98  1.
  38.  2.99  1.
  38.  3.  0.
  38.  3.01  1.
  38.  3.02  1.
  38.  3.03  0.
  38.  3.04  1.
  38.  3.05  2.
  38.  3.06  1.
  38.  3.07  0.
  38.  3.08  0.
  38.  3.09  0.
  38.  3.1  1.
  39.  2.45  1.
  39.  2.46  2.
  39.  2.47  1.
  39.  2.48  0.
  39.  2.49  4.
  39.  2.5  9.
  39.  2.51  1.
  39.  2.52  5.
  39.  2.53  5.
  39.  2.54  3.
  39.  2.55  1.
  39.  2.56  4.
  39.  2.57  13.
  39.  2.58  4.
  39.  2.59  4.
  39.  2.6  1.
  39.  2.61  0.
  39.  2.62  1.
  39.  2.63  4.
  39.  2.64  1.
  39.  2.65  5.
  39.  2.66  1.
  39.  2.67  1.
  39.  2.68  0.
  39.  2.69  3.
  39.  2.7  3.
  39.  2.71  1.
  39.  2.72  3.
  39.  2.73  6.
  39.  2.74  9.
  39.  2.75  4.
  39.  2.76  4.
  39.  2.77  6.
  39.  2.78  5.
  39.  2.79  5.
  39.  2.8  3.
  39.  2.81  2.
  39.  2.82  4.
  39.  2.83  8.
  39.  2.84  2.
  39.  2.85  3.
  39.  2.86  3.
  39.  2.87  2.
  39.  2.88  1.
  39.  2.89  2.
  39.  2.9  3.
  39.  2.91  3.
  39.  2.92  1.
  39.  2.93  0.
  39.  2.94  2.
  39.  2.95  2.
  39.  2.96  2.
  39.  2.97  2.
  39.  2.98  0.
  39.  2.99  0.
  39.  3.  0.
  39.  3.01  0.
  39.  3.02  1.
  39.  3.03  0.
  39.  3.04  2.
  39.  3.05  0.
  39.  3.06  1.
  39.  3.07  0.
  39.  3.08  0.
  39.  3.09  0.
  39.  3.1  1.
  40.  2.45  1.
  40.  2.46  0.
  40.  2.47  1.
  40.  2.48  1.
  40.  2.49  5.
  40.  2.5  3.
  40.  2.51  5.
  40.  2.52  7.
  40.  2.53  6.
  40.  2.54  4.
  40.  2.55  11.
  40.  2.56  8.
  40.  2.57  3.
  40.  2.58  4.
  40.  2.59  8.
  40.  2.6  1.
  40.  2.61  2.
  40.  2.62  2.
  40.  2.63  1.
  40.  2.64  2.
  40.  2.65  1.
  40.  2.66  3.
  40.  2.67  0.
  40.  2.68  0.
  40.  2.69  3.
  40.  2.7  2.
  40.  2.71  3.
  40.  2.72  5.
  40.  2.73  5.
  40.  2.74  3.
  40.  2.75  1.
  40.  2.76  7.
  40.  2.77  6.
  40.  2.78  5.
  40.  2.79  4.
  40.  2.8  4.
  40.  2.81  2.
  40.  2.82  2.
  40.  2.83  5.
  40.  2.84  5.
  40.  2.85  2.
  40.  2.86  2.
  40.  2.87  3.
  40.  2.88  0.
  40.  2.89  3.
  40.  2.9  2.
  40.  2.91  2.
  40.  2.92  1.
  40.  2.93  2.
  40.  2.94  0.
  40.  2.95  0.
  40.  2.96  2.
  40.  2.97  0.
  40.  2.98  1.
  40.  2.99  1.
  40.  3.  1.
  40.  3.01  0.
  40.  3.02  1.
  40.  3.03  0.
  40.  3.04  2.
  40.  3.05  0.
  40.  3.06  0.
  40.  3.07  0.
  40.  3.08  0.
  40.  3.09  2.
  40.  3.1  0.
  41.  2.45  2.
  41.  2.46  1.
  41.  2.47  2.
  41.  2.48  2.
  41.  2.49  1.
  41.  2.5  1.
  41.  2.51  5.
  41.  2.52  5.
  41.  2.53  6.
  41.  2.54  6.
  41.  2.55  7.
  41.  2.56  9.
  41.  2.57  4.
  41.  2.58  2.
  41.  2.59  3.
  41.  2.6  1.
  41.  2.61  0.
  41.  2.62  3.
  41.  2.63  2.
  41.  2.64  5.
  41.  2.65  4.
  41.  2.66  3.
  41.  2.67  1.
  41.  2.68  2.
  41.  2.69  0.
  41.  2.7  2.
  41.  2.71  3.
  41.  2.72  7.
  41.  2.73  8.
  41.  2.74  6.
  41.  2.75  8.
  41.  2.76  6.
  41.  2.77  6.
  41.  2.78  11.
  41.  2.79  4.
  41.  2.8  6.
  41.  2.81  5.
  41.  2.82  5.
  41.  2.83  2.
  41.  2.84  1.
  41.  2.85  5.
  41.  2.86  4.
  41.  2.87  1.
  41.  2.88  3.
  41.  2.89  5.
  41.  2.9  0.
  41.  2.91  1.
  41.  2.92  2.
  41.  2.93  1.
  41.  2.94  1.
  41.  2.95  1.
  41.  2.96  1.
  41.  2.97  2.
  41.  2.98  0.
  41.  2.99  0.
  41.  3.  0.
  41.  3.01  0.
  41.  3.02  0.
  41.  3.03  0.
  41.  3.04  0.
  41.  3.05  2.
  41.  3.06  1.
  41.  3.07  0.
  41.  3.08  0.
  41.  3.09  0.
  41.  3.1  0.
  42.  2.45  2.
  42.  2.46  2.
  42.  2.47  2.
  42.  2.48  2.
  42.  2.49  1.
  42.  2.5  2.
  42.  2.51  0.
  42.  2.52  3.
  42.  2.53  5.
  42.  2.54  4.
  42.  2.55  1.
  42.  2.56  4.
  42.  2.57  6.
  42.  2.58  1.
  42.  2.59  7.
  42.  2.6  4.
  42.  2.61  6.
  42.  2.62  1.
  42.  2.63  0.
  42.  2.64  2.
  42.  2.65  3.
  42.  2.66  0.
  42.  2.67  3.
  42.  2.68  2.
  42.  2.69  1.
  42.  2.7  1.
  42.  2.71  4.
  42.  2.72  1.
  42.  2.73  5.
  42.  2.74  9.
  42.  2.75  4.
  42.  2.76  4.
  42.  2.77  3.
  42.  2.78  2.
  42.  2.79  3.
  42.  2.8  6.
  42.  2.81  5.
  42.  2.82  1.
  42.  2.83  3.
  42.  2.84  1.
  42.  2.85  8.
  42.  2.86  1.
  42.  2.87  2.
  42.  2.88  1.
  42.  2.89  1.
  42.  2.9  1.
  42.  2.91  2.
  42.  2.92  1.
  42.  2.93  2.
  42.  2.94  2.
  42.  2.95  4.
  42.  2.96  1.
  42.  2.97  0.
  42.  2.98  1.
  42.  2.99  2.
  42.  3.  2.
  42.  3.01  0.
  42.  3.02  0.
  42.  3.03  0.
  42.  3.04  1.
  42.  3.05  0.
  42.  3.06  0.
  42.  3.07  0.
  42.  3.08  0.
  42.  3.09  0.
  42.  3.1  1.
  43.  2.45  0.
  43.  2.46  2.
  43.  2.47  3.
  43.  2.48  1.
  43.  2.49  0.
  43.  2.5  2.
  43.  2.51  5.
  43.  2.52  3.
  43.  2.53  4.
  43.  2.54  3.
  43.  2.55  6.
  43.  2.56  3.
  43.  2.57  4.
  43.  2.58  2.
  43.  2.59  5.
  43.  2.6  1.
  43.  2.61  2.
  43.  2.62  5.
  43.  2.63  4.
  43.  2.64  2.
  43.  2.65  3.
  43.  2.66  3.
  43.  2.67  0.
  43.  2.68  4.
  43.  2.69  1.
  43.  2.7  2.
  43.  2.71  1.
  43.  2.72  4.
  43.  2.73  4.
  43.  2.74  3.
  43.  2.75  6.
  43.  2.76  4.
  43.  2.77  7.
  43.  2.78  3.
  43.  2.79  7.
  43.  2.8  5.
  43.  2.81  5.
  43.  2.82  4.
  43.  2.83  2.
  43.  2.84  0.
  43.  2.85  2.
  43.  2.86  2.
  43.  2.87  1.
  43.  2.88  2.
  43.  2.89  3.
  43.  2.9  1.
  43.  2.91  2.
  43.  2.92  3.
  43.  2.93  0.
  43.  2.94  2.
  43.  2.95  1.
  43.  2.96  2.
  43.  2.97  0.
  43.  2.98  0.
  43.  2.99  0.
  43.  3.  0.
  43.  3.01  2.
  43.  3.02  1.
  43.  3.03  1.
  43.  3.04  0.
  43.  3.05  0.
  43.  3.06  0.
  43.  3.07  0.
  43.  3.08  1.
  43.  3.09  1.
  43.  3.1  1.
  44.  2.45  0.
  44.  2.46  1.
  44.  2.47  0.
  44.  2.48  0.
  44.  2.49  0.
  44.  2.5  0.
  44.  2.51  1.
  44.  2.52  3.
  44.  2.53  2.
  44.  2.54  0.
  44.  2.55  3.
  44.  2.56  1.
  44.  2.57  2.
  44.  2.58  5.
  44.  2.59  5.
  44.  2.6  2.
  44.  2.61  2.
  44.  2.62  4.
  44.  2.63  1.
  44.  2.64  3.
  44.  2.65  2.
  44.  2.66  0.
  44.  2.67  1.
  44.  2.68  1.
  44.  2.69  2.
  44.  2.7  4.
  44.  2.71  2.
  44.  2.72  0.
  44.  2.73  1.
  44.  2.74  7.
  44.  2.75  2.
  44.  2.76  5.
  44.  2.77  6.
  44.  2.78  2.
  44.  2.79  3.
  44.  2.8  5.
  44.  2.81  5.
  44.  2.82  1.
  44.  2.83  1.
  44.  2.84  0.
  44.  2.85  2.
  44.  2.86  3.
  44.  2.87  3.
  44.  2.88  0.
  44.  2.89  0.
  44.  2.9  1.
  44.  2.91  2.
  44.  2.92  1.
  44.  2.93  1.
  44.  2.94  2.
  44.  2.95  4.
  44.  2.96  0.
  44.  2.97  1.
  44.  2.98  1.
  44.  2.99  0.
  44.  3.  0.
  44.  3.01  1.
  44.  3.02  0.
  44.  3.03  0.
  44.  3.04  0.
  44.  3.05  0.
  44.  3.06  2.
  44.  3.07  0.
  44.  3.08  0.
  44.  3.09  0.
  44.  3.1  0.
  45.  2.45  0.
  45.  2.46  3.
  45.  2.47  0.
  45.  2.48  1.
  45.  2.49  2.
  45.  2.5  3.
  45.  2.51  6.
  45.  2.52  2.
  45.  2.53  6.
  45.  2.54  4.
  45.  2.55  2.
  45.  2.56  1.
  45.  2.57  3.
  45.  2.58  4.
  45.  2.59  3.
  45.  2.6  4.
  45.  2.61  2.
  45.  2.62  3.
  45.  2.63  1.
  45.  2.64  3.
  45.  2.65  1.
  45.  2.66  3.
  45.  2.67  1.
  45.  2.68  3.
  45.  2.69  0.
  45.  2.7  0.
  45.  2.71  1.
  45.  2.72  2.
  45.  2.73  4.
  45.  2.74  3.
  45.  2.75  7.
  45.  2.76  1.
  45.  2.77  4.
  45.  2.78  2.
  45.  2.79  4.
  45.  2.8  2.
  45.  2.81  3.
  45.  2.82  2.
  45.  2.83  0.
  45.  2.84  1.
  45.  2.85  1.
  45.  2.86  0.
  45.  2.87  1.
  45.  2.88  0.
  45.  2.89  2.
  45.  2.9  1.
  45.  2.91  1.
  45.  2.92  1.
  45.  2.93  0.
  45.  2.94  1.
  45.  2.95  0.
  45.  2.96  0.
  45.  2.97  0.
  45.  2.98  1.
  45.  2.99  1.
  45.  3.  0.
  45.  3.01  0.
  45.  3.02  0.
  45.  3.03  1.
  45.  3.04  1.
  45.  3.05  0.
  45.  3.06  0.
  45.  3.07  0.
  45.  3.08  0.
  45.  3.09  0.
  45.  3.1  0.
  46.  2.45  0.
  46.  2.46  1.
  46.  2.47  0.
  46.  2.48  2.
  46.  2.49  3.
  46.  2.5  5.
  46.  2.51  1.
  46.  2.52  1.
  46.  2.53  1.
  46.  2.54  3.
  46.  2.55  5.
  46.  2.56  0.
  46.  2.57  3.
  46.  2.58  2.
  46.  2.59  2.
  46.  2.6  5.
  46.  2.61  0.
  46.  2.62  0.
  46.  2.63  1.
  46.  2.64  1.
  46.  2.65  0.
  46.  2.66  0.
  46.  2.67  1.
  46.  2.68  2.
  46.  2.69  3.
  46.  2.7  1.
  46.  2.71  0.
  46.  2.72  1.
  46.  2.73  4.
  46.  2.74  2.
  46.  2.75  2.
  46.  2.76  3.
  46.  2.77  2.
  46.  2.78  5.
  46.  2.79  3.
  46.  2.8  2.
  46.  2.81  2.
  46.  2.82  2.
  46.  2.83  3.
  46.  2.84  2.
  46.  2.85  1.
  46.  2.86  3.
  46.  2.87  0.
  46.  2.88  3.
  46.  2.89  0.
  46.  2.9  0.
  46.  2.91  0.
  46.  2.92  0.
  46.  2.93  4.
  46.  2.94  1.
  46.  2.95  1.
  46.  2.96  0.
  46.  2.97  0.
  46.  2.98  1.
  46.  2.99  0.
  46.  3.  1.
  46.  3.01  2.
  46.  3.02  0.
  46.  3.03  0.
  46.  3.04  0.
  46.  3.05  0.
  46.  3.06  0.
  46.  3.07  1.
  46.  3.08  0.
  46.  3.09  0.
  46.  3.1  1.
  47.  2.45  2.
  47.  2.46  1.
  47.  2.47  3.
  47.  2.48  0.
  47.  2.49  1.
  47.  2.5  0.
  47.  2.51  3.
  47.  2.52  4.
  47.  2.53  1.
  47.  2.54  3.
  47.  2.55  2.
  47.  2.56  3.
  47.  2.57  6.
  47.  2.58  6.
  47.  2.59  0.
  47.  2.6  2.
  47.  2.61  3.
  47.  2.62  6.
  47.  2.63  0.
  47.  2.64  1.
  47.  2.65  0.
  47.  2.66  0.
  47.  2.67  1.
  47.  2.68  1.
  47.  2.69  2.
  47.  2.7  1.
  47.  2.71  3.
  47.  2.72  2.
  47.  2.73  2.
  47.  2.74  4.
  47.  2.75  5.
  47.  2.76  3.
  47.  2.77  0.
  47.  2.78  4.
  47.  2.79  3.
  47.  2.8  3.
  47.  2.81  3.
  47.  2.82  2.
  47.  2.83  1.
  47.  2.84  1.
  47.  2.85  0.
  47.  2.86  0.
  47.  2.87  2.
  47.  2.88  1.
  47.  2.89  0.
  47.  2.9  1.
  47.  2.91  1.
  47.  2.92  1.
  47.  2.93  2.
  47.  2.94  1.
  47.  2.95  0.
  47.  2.96  0.
  47.  2.97  0.
  47.  2.98  0.
  47.  2.99  1.
  47.  3.  0.
  47.  3.01  1.
  47.  3.02  0.
  47.  3.03  0.
  47.  3.04  1.
  47.  3.05  0.
  47.  3.06  1.
  47.  3.07  1.
  47.  3.08  0.
  47.  3.09  0.
  47.  3.1  0.
  48.  2.45  1.
  48.  2.46  1.
  48.  2.47  1.
  48.  2.48  1.
  48.  2.49  1.
  48.  2.5  0.
  48.  2.51  2.
  48.  2.52  0.
  48.  2.53  0.
  48.  2.54  0.
  48.  2.55  2.
  48.  2.56  1.
  48.  2.57  5.
  48.  2.58  0.
  48.  2.59  2.
  48.  2.6  1.
  48.  2.61  5.
  48.  2.62  1.
  48.  2.63  2.
  48.  2.64  1.
  48.  2.65  0.
  48.  2.66  1.
  48.  2.67  0.
  48.  2.68  1.
  48.  2.69  1.
  48.  2.7  0.
  48.  2.71  0.
  48.  2.72  2.
  48.  2.73  3.
  48.  2.74  5.
  48.  2.75  1.
  48.  2.76  1.
  48.  2.77  2.
  48.  2.78  1.
  48.  2.79  2.
  48.  2.8  1.
  48.  2.81  1.
  48.  2.82  2.
  48.  2.83  0.
  48.  2.84  1.
  48.  2.85  1.
  48.  2.86  2.
  48.  2.87  1.
  48.  2.88  2.
  48.  2.89  3.
  48.  2.9  0.
  48.  2.91  0.
  48.  2.92  2.
  48.  2.93  0.
  48.  2.94  0.
  48.  2.95  1.
  48.  2.96  0.
  48.  2.97  0.
  48.  2.98  1.
  48.  2.99  0.
  48.  3.  1.
  48.  3.01  0.
  48.  3.02  0.
  48.  3.03  0.
  48.  3.04  0.
  48.  3.05  0.
  48.  3.06  0.
  48.  3.07  0.
  48.  3.08  0.
  48.  3.09  0.
  48.  3.1  0.
  49.  2.45  0.
  49.  2.46  0.
  49.  2.47  0.
  49.  2.48  2.
  49.  2.49  2.
  49.  2.5  2.
  49.  2.51  5.
  49.  2.52  2.
  49.  2.53  0.
  49.  2.54  2.
  49.  2.55  5.
  49.  2.56  1.
  49.  2.57  0.
  49.  2.58  3.
  49.  2.59  2.
  49.  2.6  3.
  49.  2.61  4.
  49.  2.62  1.
  49.  2.63  3.
  49.  2.64  0.
  49.  2.65  2.
  49.  2.66  1.
  49.  2.67  0.
  49.  2.68  1.
  49.  2.69  0.
  49.  2.7  1.
  49.  2.71  1.
  49.  2.72  0.
  49.  2.73  0.
  49.  2.74  2.
  49.  2.75  2.
  49.  2.76  2.
  49.  2.77  2.
  49.  2.78  5.
  49.  2.79  0.
  49.  2.8  0.
  49.  2.81  3.
  49.  2.82  1.
  49.  2.83  0.
  49.  2.84  1.
  49.  2.85  0.
  49.  2.86  1.
  49.  2.87  2.
  49.  2.88  0.
  49.  2.89  3.
  49.  2.9  3.
  49.  2.91  0.
  49.  2.92  0.
  49.  2.93  1.
  49.  2.94  1.
  49.  2.95  1.
  49.  2.96  0.
  49.  2.97  1.
  49.  2.98  0.
  49.  2.99  0.
  49.  3.  1.
  49.  3.01  0.
  49.  3.02  0.
  49.  3.03  0.
  49.  3.04  0.
  49.  3.05  0.
  49.  3.06  0.
  49.  3.07  0.
  49.  3.08  0.
  49.  3.09  0.
  49.  3.1  0.
  50.  2.45  0.
  50.  2.46  1.
  50.  2.47  0.
  50.  2.48  4.
  50.  2.49  2.
  50.  2.5  0.
  50.  2.51  1.
  50.  2.52  0.
  50.  2.53  3.
  50.  2.54  2.
  50.  2.55  1.
  50.  2.56  2.
  50.  2.57  4.
  50.  2.58  2.
  50.  2.59  4.
  50.  2.6  0.
  50.  2.61  1.
  50.  2.62  1.
  50.  2.63  1.
  50.  2.64  0.
  50.  2.65  0.
  50.  2.66  1.
  50.  2.67  0.
  50.  2.68  1.
  50.  2.69  3.
  50.  2.7  3.
  50.  2.71  0.
  50.  2.72  0.
  50.  2.73  1.
  50.  2.74  1.
  50.  2.75  8.
  50.  2.76  1.
  50.  2.77  2.
  50.  2.78  1.
  50.  2.79  1.
  50.  2.8  3.
  50.  2.81  0.
  50.  2.82  2.
  50.  2.83  2.
  50.  2.84  4.
  50.  2.85  0.
  50.  2.86  0.
  50.  2.87  2.
  50.  2.88  0.
  50.  2.89  1.
  50.  2.9  3.
  50.  2.91  0.
  50.  2.92  0.
  50.  2.93  1.
  50.  2.94  0.
  50.  2.95  1.
  50.  2.96  1.
  50.  2.97  2.
  50.  2.98  0.
  50.  2.99  0.
  50.  3.  1.
  50.  3.01  0.
  50.  3.02  0.
  50.  3.03  1.
  50.  3.04  0.
  50.  3.05  0.
  50.  3.06  0.
  50.  3.07  1.
  50.  3.08  1.
  50.  3.09  0.
  50.  3.1  0.
  51.  2.45  0.
  51.  2.46  1.
  51.  2.47  2.
  51.  2.48  0.
  51.  2.49  0.
  51.  2.5  1.
  51.  2.51  2.
  51.  2.52  1.
  51.  2.53  1.
  51.  2.54  3.
  51.  2.55  3.
  51.  2.56  0.
  51.  2.57  1.
  51.  2.58  0.
  51.  2.59  0.
  51.  2.6  1.
  51.  2.61  2.
  51.  2.62  3.
  51.  2.63  0.
  51.  2.64  1.
  51.  2.65  0.
  51.  2.66  0.
  51.  2.67  0.
  51.  2.68  1.
  51.  2.69  0.
  51.  2.7  0.
  51.  2.71  3.
  51.  2.72  1.
  51.  2.73  1.
  51.  2.74  3.
  51.  2.75  0.
  51.  2.76  0.
  51.  2.77  0.
  51.  2.78  1.
  51.  2.79  2.
  51.  2.8  1.
  51.  2.81  1.
  51.  2.82  2.
  51.  2.83  0.
  51.  2.84  0.
  51.  2.85  0.
  51.  2.86  0.
  51.  2.87  0.
  51.  2.88  0.
  51.  2.89  1.
  51.  2.9  0.
  51.  2.91  0.
  51.  2.92  0.
  51.  2.93  0.
  51.  2.94  1.
  51.  2.95  0.
  51.  2.96  1.
  51.  2.97  0.
  51.  2.98  1.
  51.  2.99  0.
  51.  3.  0.
  51.  3.01  0.
  51.  3.02  0.
  51.  3.03  1.
  51.  3.04  0.
  51.  3.05  0.
  51.  3.06  0.
  51.  3.07  1.
  51.  3.08  0.
  51.  3.09  0.
  51.  3.1  0.
  52.  2.45  1.
  52.  2.46  1.
  52.  2.47  2.
  52.  2.48  1.
  52.  2.49  0.
  52.  2.5  0.
  52.  2.51  1.
  52.  2.52  2.
  52.  2.53  0.
  52.  2.54  3.
  52.  2.55  1.
  52.  2.56  3.
  52.  2.57  2.
  52.  2.58  1.
  52.  2.59  1.
  52.  2.6  0.
  52.  2.61  1.
  52.  2.62  1.
  52.  2.63  0.
  52.  2.64  4.
  52.  2.65  1.
  52.  2.66  1.
  52.  2.67  0.
  52.  2.68  1.
  52.  2.69  1.
  52.  2.7  1.
  52.  2.71  1.
  52.  2.72  0.
  52.  2.73  0.
  52.  2.74  0.
  52.  2.75  0.
  52.  2.76  0.
  52.  2.77  2.
  52.  2.78  4.
  52.  2.79  2.
  52.  2.8  3.
  52.  2.81  1.
  52.  2.82  2.
  52.  2.83  0.
  52.  2.84  1.
  52.  2.85  2.
  52.  2.86  0.
  52.  2.87  0.
  52.  2.88  1.
  52.  2.89  3.
  52.  2.9  0.
  52.  2.91  1.
  52.  2.92  1.
  52.  2.93  0.
  52.  2.94  0.
  52.  2.95  0.
  52.  2.96  0.
  52.  2.97  0.
  52.  2.98  0.
  52.  2.99  0.
  52.  3.  0.
  52.  3.01  0.
  52.  3.02  0.
  52.  3.03  0.
  52.  3.04  0.
  52.  3.05  0.
  52.  3.06  0.
  52.  3.07  0.
  52.  3.08  0.
  52.  3.09  0.
  52.  3.1  0.
  53.  2.45  1.
  53.  2.46  1.
  53.  2.47  1.
  53.  2.48  0.
  53.  2.49  1.
  53.  2.5  3.
  53.  2.51  0.
  53.  2.52  0.
  53.  2.53  0.
  53.  2.54  3.
  53.  2.55  1.
  53.  2.56  2.
  53.  2.57  2.
  53.  2.58  1.
  53.  2.59  1.
  53.  2.6  1.
  53.  2.61  1.
  53.  2.62  0.
  53.  2.63  2.
  53.  2.64  1.
  53.  2.65  1.
  53.  2.66  1.
  53.  2.67  2.
  53.  2.68  2.
  53.  2.69  0.
  53.  2.7  0.
  53.  2.71  0.
  53.  2.72  0.
  53.  2.73  1.
  53.  2.74  1.
  53.  2.75  0.
  53.  2.76  2.
  53.  2.77  2.
  53.  2.78  0.
  53.  2.79  0.
  53.  2.8  4.
  53.  2.81  2.
  53.  2.82  2.
  53.  2.83  0.
  53.  2.84  1.
  53.  2.85  0.
  53.  2.86  0.
  53.  2.87  0.
  53.  2.88  0.
  53.  2.89  1.
  53.  2.9  1.
  53.  2.91  0.
  53.  2.92  0.
  53.  2.93  1.
  53.  2.94  0.
  53.  2.95  0.
  53.  2.96  0.
  53.  2.97  0.
  53.  2.98  1.
  53.  2.99  0.
  53.  3.  1.
  53.  3.01  0.
  53.  3.02  0.
  53.  3.03  0.
  53.  3.04  0.
  53.  3.05  0.
  53.  3.06  0.
  53.  3.07  0.
  53.  3.08  0.
  53.  3.09  2.
  53.  3.1  1.
  54.  2.45  1.
  54.  2.46  0.
  54.  2.47  1.
  54.  2.48  0.
  54.  2.49  0.
  54.  2.5  2.
  54.  2.51  1.
  54.  2.52  2.
  54.  2.53  0.
  54.  2.54  3.
  54.  2.55  2.
  54.  2.56  0.
  54.  2.57  0.
  54.  2.58  2.
  54.  2.59  3.
  54.  2.6  0.
  54.  2.61  2.
  54.  2.62  1.
  54.  2.63  0.
  54.  2.64  1.
  54.  2.65  4.
  54.  2.66  1.
  54.  2.67  1.
  54.  2.68  1.
  54.  2.69  1.
  54.  2.7  1.
  54.  2.71  1.
  54.  2.72  0.
  54.  2.73  1.
  54.  2.74  1.
  54.  2.75  0.
  54.  2.76  0.
  54.  2.77  0.
  54.  2.78  1.
  54.  2.79  2.
  54.  2.8  1.
  54.  2.81  2.
  54.  2.82  2.
  54.  2.83  0.
  54.  2.84  2.
  54.  2.85  0.
  54.  2.86  1.
  54.  2.87  0.
  54.  2.88  1.
  54.  2.89  0.
  54.  2.9  1.
  54.  2.91  0.
  54.  2.92  1.
  54.  2.93  1.
  54.  2.94  0.
  54.  2.95  1.
  54.  2.96  1.
  54.  2.97  2.
  54.  2.98  0.
  54.  2.99  0.
  54.  3.  0.
  54.  3.01  0.
  54.  3.02  0.
  54.  3.03  1.
  54.  3.04  0.
  54.  3.05  0.
  54.  3.06  1.
  54.  3.07  0.
  54.  3.08  0.
  54.  3.09  0.
  54.  3.1  1.
  55.  2.45  1.
  55.  2.46  0.
  55.  2.47  2.
  55.  2.48  1.
  55.  2.49  1.
  55.  2.5  1.
  55.  2.51  0.
  55.  2.52  1.
  55.  2.53  2.
  55.  2.54  3.
  55.  2.55  5.
  55.  2.56  4.
  55.  2.57  1.
  55.  2.58  1.
  55.  2.59  1.
  55.  2.6  0.
  55.  2.61  0.
  55.  2.62  2.
  55.  2.63  3.
  55.  2.64  1.
  55.  2.65  1.
  55.  2.66  0.
  55.  2.67  1.
  55.  2.68  0.
  55.  2.69  0.
  55.  2.7  0.
  55.  2.71  1.
  55.  2.72  0.
  55.  2.73  0.
  55.  2.74  0.
  55.  2.75  7.
  55.  2.76  1.
  55.  2.77  2.
  55.  2.78  1.
  55.  2.79  4.
  55.  2.8  0.
  55.  2.81  1.
  55.  2.82  2.
  55.  2.83  1.
  55.  2.84  0.
  55.  2.85  0.
  55.  2.86  1.
  55.  2.87  0.
  55.  2.88  0.
  55.  2.89  0.
  55.  2.9  0.
  55.  2.91  0.
  55.  2.92  0.
  55.  2.93  3.
  55.  2.94  0.
  55.  2.95  0.
  55.  2.96  1.
  55.  2.97  1.
  55.  2.98  0.
  55.  2.99  1.
  55.  3.  0.
  55.  3.01  0.
  55.  3.02  1.
  55.  3.03  0.
  55.  3.04  0.
  55.  3.05  0.
  55.  3.06  0.
  55.  3.07  0.
  55.  3.08  0.
  55.  3.09  0.
  55.  3.1  0.
  56.  2.45  0.
  56.  2.46  0.
  56.  2.47  1.
  56.  2.48  3.
  56.  2.49  1.
  56.  2.5  0.
  56.  2.51  3.
  56.  2.52  0.
  56.  2.53  3.
  56.  2.54  3.
  56.  2.55  1.
  56.  2.56  0.
  56.  2.57  2.
  56.  2.58  2.
  56.  2.59  0.
  56.  2.6  1.
  56.  2.61  1.
  56.  2.62  0.
  56.  2.63  0.
  56.  2.64  0.
  56.  2.65  1.
  56.  2.66  2.
  56.  2.67  1.
  56.  2.68  0.
  56.  2.69  1.
  56.  2.7  0.
  56.  2.71  2.
  56.  2.72  2.
  56.  2.73  0.
  56.  2.74  2.
  56.  2.75  1.
  56.  2.76  2.
  56.  2.77  2.
  56.  2.78  1.
  56.  2.79  1.
  56.  2.8  3.
  56.  2.81  2.
  56.  2.82  2.
  56.  2.83  2.
  56.  2.84  0.
  56.  2.85  1.
  56.  2.86  0.
  56.  2.87  0.
  56.  2.88  0.
  56.  2.89  0.
  56.  2.9  0.
  56.  2.91  0.
  56.  2.92  0.
  56.  2.93  0.
  56.  2.94  1.
  56.  2.95  0.
  56.  2.96  0.
  56.  2.97  0.
  56.  2.98  0.
  56.  2.99  0.
  56.  3.  0.
  56.  3.01  0.
  56.  3.02  0.
  56.  3.03  0.
  56.  3.04  0.
  56.  3.05  0.
  56.  3.06  0.
  56.  3.07  0.
  56.  3.08  0.
  56.  3.09  1.
  56.  3.1  0.
  57.  2.45  0.
  57.  2.46  0.
  57.  2.47  1.
  57.  2.48  1.
  57.  2.49  1.
  57.  2.5  0.
  57.  2.51  1.
  57.  2.52  0.
  57.  2.53  0.
  57.  2.54  1.
  57.  2.55  3.
  57.  2.56  2.
  57.  2.57  3.
  57.  2.58  4.
  57.  2.59  1.
  57.  2.6  0.
  57.  2.61  1.
  57.  2.62  1.
  57.  2.63  0.
  57.  2.64  0.
  57.  2.65  0.
  57.  2.66  2.
  57.  2.67  3.
  57.  2.68  1.
  57.  2.69  0.
  57.  2.7  0.
  57.  2.71  0.
  57.  2.72  1.
  57.  2.73  0.
  57.  2.74  1.
  57.  2.75  3.
  57.  2.76  3.
  57.  2.77  1.
  57.  2.78  1.
  57.  2.79  0.
  57.  2.8  3.
  57.  2.81  2.
  57.  2.82  2.
  57.  2.83  0.
  57.  2.84  1.
  57.  2.85  0.
  57.  2.86  0.
  57.  2.87  0.
  57.  2.88  1.
  57.  2.89  1.
  57.  2.9  0.
  57.  2.91  0.
  57.  2.92  0.
  57.  2.93  0.
  57.  2.94  0.
  57.  2.95  0.
  57.  2.96  0.
  57.  2.97  0.
  57.  2.98  0.
  57.  2.99  0.
  57.  3.  0.
  57.  3.01  1.
  57.  3.02  0.
  57.  3.03  0.
  57.  3.04  0.
  57.  3.05  0.
  57.  3.06  0.
  57.  3.07  0.
  57.  3.08  0.
  57.  3.09  0.
  57.  3.1  0.
  58.  2.45  0.
  58.  2.46  2.
  58.  2.47  0.
  58.  2.48  0.
  58.  2.49  0.
  58.  2.5  1.
  58.  2.51  1.
  58.  2.52  1.
  58.  2.53  0.
  58.  2.54  4.
  58.  2.55  2.
  58.  2.56  1.
  58.  2.57  1.
  58.  2.58  2.
  58.  2.59  2.
  58.  2.6  2.
  58.  2.61  4.
  58.  2.62  2.
  58.  2.63  0.
  58.  2.64  0.
  58.  2.65  1.
  58.  2.66  0.
  58.  2.67  2.
  58.  2.68  0.
  58.  2.69  2.
  58.  2.7  0.
  58.  2.71  0.
  58.  2.72  1.
  58.  2.73  0.
  58.  2.74  1.
  58.  2.75  1.
  58.  2.76  0.
  58.  2.77  2.
  58.  2.78  1.
  58.  2.79  0.
  58.  2.8  1.
  58.  2.81  0.
  58.  2.82  1.
  58.  2.83  2.
  58.  2.84  0.
  58.  2.85  0.
  58.  2.86  1.
  58.  2.87  1.
  58.  2.88  0.
  58.  2.89  0.
  58.  2.9  0.
  58.  2.91  0.
  58.  2.92  0.
  58.  2.93  0.
  58.  2.94  1.
  58.  2.95  0.
  58.  2.96  0.
  58.  2.97  0.
  58.  2.98  0.
  58.  2.99  0.
  58.  3.  0.
  58.  3.01  0.
  58.  3.02  0.
  58.  3.03  0.
  58.  3.04  0.
  58.  3.05  0.
  58.  3.06  0.
  58.  3.07  0.
  58.  3.08  0.
  58.  3.09  0.
  58.  3.1  1.
  59.  2.45  0.
  59.  2.46  0.
  59.  2.47  4.
  59.  2.48  1.
  59.  2.49  0.
  59.  2.5  1.
  59.  2.51  1.
  59.  2.52  0.
  59.  2.53  1.
  59.  2.54  3.
  59.  2.55  0.
  59.  2.56  3.
  59.  2.57  0.
  59.  2.58  3.
  59.  2.59  4.
  59.  2.6  1.
  59.  2.61  1.
  59.  2.62  0.
  59.  2.63  0.
  59.  2.64  1.
  59.  2.65  1.
  59.  2.66  0.
  59.  2.67  1.
  59.  2.68  0.
  59.  2.69  0.
  59.  2.7  1.
  59.  2.71  0.
  59.  2.72  1.
  59.  2.73  1.
  59.  2.74  3.
  59.  2.75  3.
  59.  2.76  1.
  59.  2.77  3.
  59.  2.78  1.
  59.  2.79  2.
  59.  2.8  1.
  59.  2.81  0.
  59.  2.82  1.
  59.  2.83  1.
  59.  2.84  2.
  59.  2.85  2.
  59.  2.86  0.
  59.  2.87  0.
  59.  2.88  1.
  59.  2.89  1.
  59.  2.9  0.
  59.  2.91  0.
  59.  2.92  1.
  59.  2.93  0.
  59.  2.94  0.
  59.  2.95  0.
  59.  2.96  0.
  59.  2.97  0.
  59.  2.98  1.
  59.  2.99  1.
  59.  3.  2.
  59.  3.01  0.
  59.  3.02  0.
  59.  3.03  0.
  59.  3.04  0.
  59.  3.05  0.
  59.  3.06  0.
  59.  3.07  1.
  59.  3.08  0.
  59.  3.09  0.
  59.  3.1  0.
  60.  2.45  1.
  60.  2.46  1.
  60.  2.47  2.
  60.  2.48  0.
  60.  2.49  1.
  60.  2.5  1.
  60.  2.51  2.
  60.  2.52  0.
  60.  2.53  0.
  60.  2.54  1.
  60.  2.55  0.
  60.  2.56  0.
  60.  2.57  0.
  60.  2.58  2.
  60.  2.59  1.
  60.  2.6  0.
  60.  2.61  1.
  60.  2.62  1.
  60.  2.63  1.
  60.  2.64  2.
  60.  2.65  0.
  60.  2.66  0.
  60.  2.67  0.
  60.  2.68  2.
  60.  2.69  1.
  60.  2.7  1.
  60.  2.71  0.
  60.  2.72  0.
  60.  2.73  0.
  60.  2.74  0.
  60.  2.75  0.
  60.  2.76  1.
  60.  2.77  4.
  60.  2.78  0.
  60.  2.79  0.
  60.  2.8  0.
  60.  2.81  2.
  60.  2.82  0.
  60.  2.83  2.
  60.  2.84  0.
  60.  2.85  0.
  60.  2.86  0.
  60.  2.87  0.
  60.  2.88  0.
  60.  2.89  0.
  60.  2.9  0.
  60.  2.91  1.
  60.  2.92  0.
  60.  2.93  0.
  60.  2.94  0.
  60.  2.95  1.
  60.  2.96  0.
  60.  2.97  0.
  60.  2.98  1.
  60.  2.99  0.
  60.  3.  0.
  60.  3.01  0.
  60.  3.02  0.
  60.  3.03  0.
  60.  3.04  0.
  60.  3.05  1.
  60.  3.06  0.
  60.  3.07  0.
  60.  3.08  0.
  60.  3.09  0.
  60.  3.1  1.
  61.  2.45  0.
  61.  2.46  0.
  61.  2.47  1.
  61.  2.48  0.
  61.  2.49  1.
  61.  2.5  0.
  61.  2.51  0.
  61.  2.52  3.
  61.  2.53  1.
  61.  2.54  1.
  61.  2.55  1.
  61.  2.56  3.
  61.  2.57  1.
  61.  2.58  1.
  61.  2.59  2.
  61.  2.6  0.
  61.  2.61  0.
  61.  2.62  0.
  61.  2.63  1.
  61.  2.64  0.
  61.  2.65  1.
  61.  2.66  1.
  61.  2.67  1.
  61.  2.68  1.
  61.  2.69  0.
  61.  2.7  0.
  61.  2.71  1.
  61.  2.72  0.
  61.  2.73  0.
  61.  2.74  1.
  61.  2.75  0.
  61.  2.76  1.
  61.  2.77  0.
  61.  2.78  1.
  61.  2.79  1.
  61.  2.8  0.
  61.  2.81  3.
  61.  2.82  1.
  61.  2.83  0.
  61.  2.84  0.
  61.  2.85  0.
  61.  2.86  0.
  61.  2.87  1.
  61.  2.88  0.
  61.  2.89  1.
  61.  2.9  0.
  61.  2.91  0.
  61.  2.92  0.
  61.  2.93  0.
  61.  2.94  0.
  61.  2.95  0.
  61.  2.96  0.
  61.  2.97  1.
  61.  2.98  0.
  61.  2.99  0.
  61.  3.  0.
  61.  3.01  0.
  61.  3.02  0.
  61.  3.03  0.
  61.  3.04  0.
  61.  3.05  0.
  61.  3.06  0.
  61.  3.07  0.
  61.  3.08  0.
  61.  3.09  0.
  61.  3.1  0.
  62.  2.45  1.
  62.  2.46  1.
  62.  2.47  0.
  62.  2.48  1.
  62.  2.49  1.
  62.  2.5  2.
  62.  2.51  3.
  62.  2.52  1.
  62.  2.53  4.
  62.  2.54  2.
  62.  2.55  1.
  62.  2.56  2.
  62.  2.57  2.
  62.  2.58  0.
  62.  2.59  1.
  62.  2.6  2.
  62.  2.61  0.
  62.  2.62  2.
  62.  2.63  0.
  62.  2.64  0.
  62.  2.65  0.
  62.  2.66  2.
  62.  2.67  0.
  62.  2.68  0.
  62.  2.69  0.
  62.  2.7  1.
  62.  2.71  1.
  62.  2.72  0.
  62.  2.73  1.
  62.  2.74  0.
  62.  2.75  0.
  62.  2.76  0.
  62.  2.77  2.
  62.  2.78  1.
  62.  2.79  0.
  62.  2.8  2.
  62.  2.81  1.
  62.  2.82  0.
  62.  2.83  1.
  62.  2.84  1.
  62.  2.85  0.
  62.  2.86  0.
  62.  2.87  0.
  62.  2.88  0.
  62.  2.89  1.
  62.  2.9  1.
  62.  2.91  0.
  62.  2.92  0.
  62.  2.93  0.
  62.  2.94  0.
  62.  2.95  1.
  62.  2.96  0.
  62.  2.97  0.
  62.  2.98  0.
  62.  2.99  0.
  62.  3.  0.
  62.  3.01  0.
  62.  3.02  0.
  62.  3.03  0.
  62.  3.04  0.
  62.  3.05  0.
  62.  3.06  0.
  62.  3.07  1.
  62.  3.08  0.
  62.  3.09  0.
  62.  3.1  0.
  63.  2.45  1.
  63.  2.46  0.
  63.  2.47  1.
  63.  2.48  2.
  63.  2.49  0.
  63.  2.5  1.
  63.  2.51  1.
  63.  2.52  0.
  63.  2.53  1.
  63.  2.54  3.
  63.  2.55  0.
  63.  2.56  1.
  63.  2.57  0.
  63.  2.58  0.
  63.  2.59  2.
  63.  2.6  2.
  63.  2.61  1.
  63.  2.62  0.
  63.  2.63  0.
  63.  2.64  0.
  63.  2.65  0.
  63.  2.66  0.
  63.  2.67  0.
  63.  2.68  1.
  63.  2.69  1.
  63.  2.7  0.
  63.  2.71  0.
  63.  2.72  0.
  63.  2.73  1.
  63.  2.74  0.
  63.  2.75  2.
  63.  2.76  1.
  63.  2.77  1.
  63.  2.78  1.
  63.  2.79  1.
  63.  2.8  1.
  63.  2.81  0.
  63.  2.82  1.
  63.  2.83  2.
  63.  2.84  2.
  63.  2.85  0.
  63.  2.86  0.
  63.  2.87  0.
  63.  2.88  2.
  63.  2.89  0.
  63.  2.9  0.
  63.  2.91  1.
  63.  2.92  2.
  63.  2.93  3.
  63.  2.94  0.
  63.  2.95  0.
  63.  2.96  1.
  63.  2.97  0.
  63.  2.98  1.
  63.  2.99  0.
  63.  3.  1.
  63.  3.01  0.
  63.  3.02  1.
  63.  3.03  0.
  63.  3.04  1.
  63.  3.05  0.
  63.  3.06  0.
  63.  3.07  0.
  63.  3.08  0.
  63.  3.09  0.
  63.  3.1  0.
  64.  2.45  0.
  64.  2.46  2.
  64.  2.47  1.
  64.  2.48  1.
  64.  2.49  0.
  64.  2.5  3.
  64.  2.51  0.
  64.  2.52  0.
  64.  2.53  1.
  64.  2.54  0.
  64.  2.55  1.
  64.  2.56  1.
  64.  2.57  0.
  64.  2.58  0.
  64.  2.59  1.
  64.  2.6  3.
  64.  2.61  1.
  64.  2.62  2.
  64.  2.63  0.
  64.  2.64  0.
  64.  2.65  0.
  64.  2.66  2.
  64.  2.67  0.
  64.  2.68  1.
  64.  2.69  0.
  64.  2.7  2.
  64.  2.71  0.
  64.  2.72  1.
  64.  2.73  1.
  64.  2.74  0.
  64.  2.75  1.
  64.  2.76  1.
  64.  2.77  2.
  64.  2.78  0.
  64.  2.79  1.
  64.  2.8  1.
  64.  2.81  0.
  64.  2.82  0.
  64.  2.83  1.
  64.  2.84  0.
  64.  2.85  0.
  64.  2.86  1.
  64.  2.87  0.
  64.  2.88  1.
  64.  2.89  1.
  64.  2.9  1.
  64.  2.91  1.
  64.  2.92  2.
  64.  2.93  1.
  64.  2.94  1.
  64.  2.95  1.
  64.  2.96  0.
  64.  2.97  0.
  64.  2.98  1.
  64.  2.99  0.
  64.  3.  0.
  64.  3.01  0.
  64.  3.02  0.
  64.  3.03  0.
  64.  3.04  0.
  64.  3.05  1.
  64.  3.06  0.
  64.  3.07  0.
  64.  3.08  0.
  64.  3.09  0.
  64.  3.1  0.
  65.  2.45  0.
  65.  2.46  0.
  65.  2.47  0.
  65.  2.48  0.
  65.  2.49  0.
  65.  2.5  2.
  65.  2.51  1.
  65.  2.52  1.
  65.  2.53  1.
  65.  2.54  1.
  65.  2.55  1.
  65.  2.56  1.
  65.  2.57  0.
  65.  2.58  0.
  65.  2.59  1.
  65.  2.6  1.
  65.  2.61  0.
  65.  2.62  1.
  65.  2.63  1.
  65.  2.64  0.
  65.  2.65  1.
  65.  2.66  0.
  65.  2.67  1.
  65.  2.68  2.
  65.  2.69  2.
  65.  2.7  2.
  65.  2.71  2.
  65.  2.72  0.
  65.  2.73  3.
  65.  2.74  0.
  65.  2.75  2.
  65.  2.76  0.
  65.  2.77  1.
  65.  2.78  1.
  65.  2.79  1.
  65.  2.8  0.
  65.  2.81  3.
  65.  2.82  0.
  65.  2.83  0.
  65.  2.84  1.
  65.  2.85  0.
  65.  2.86  0.
  65.  2.87  0.
  65.  2.88  0.
  65.  2.89  0.
  65.  2.9  0.
  65.  2.91  0.
  65.  2.92  1.
  65.  2.93  0.
  65.  2.94  1.
  65.  2.95  0.
  65.  2.96  0.
  65.  2.97  0.
  65.  2.98  0.
  65.  2.99  0.
  65.  3.  0.
  65.  3.01  0.
  65.  3.02  0.
  65.  3.03  0.
  65.  3.04  0.
  65.  3.05  0.
  65.  3.06  0.
  65.  3.07  0.
  65.  3.08  0.
  65.  3.09  1.
  65.  3.1  1.
  66.  2.45  0.
  66.  2.46  0.
  66.  2.47  1.
  66.  2.48  0.
  66.  2.49  0.
  66.  2.5  0.
  66.  2.51  2.
  66.  2.52  0.
  66.  2.53  0.
  66.  2.54  2.
  66.  2.55  2.
  66.  2.56  3.
  66.  2.57  4.
  66.  2.58  1.
  66.  2.59  0.
  66.  2.6  1.
  66.  2.61  0.
  66.  2.62  1.
  66.  2.63  0.
  66.  2.64  0.
  66.  2.65  2.
  66.  2.66  0.
  66.  2.67  1.
  66.  2.68  0.
  66.  2.69  1.
  66.  2.7  1.
  66.  2.71  3.
  66.  2.72  1.
  66.  2.73  0.
  66.  2.74  1.
  66.  2.75  1.
  66.  2.76  0.
  66.  2.77  2.
  66.  2.78  1.
  66.  2.79  2.
  66.  2.8  0.
  66.  2.81  0.
  66.  2.82  0.
  66.  2.83  1.
  66.  2.84  0.
  66.  2.85  0.
  66.  2.86  0.
  66.  2.87  0.
  66.  2.88  1.
  66.  2.89  1.
  66.  2.9  1.
  66.  2.91  0.
  66.  2.92  0.
  66.  2.93  0.
  66.  2.94  0.
  66.  2.95  1.
  66.  2.96  0.
  66.  2.97  0.
  66.  2.98  0.
  66.  2.99  0.
  66.  3.  0.
  66.  3.01  0.
  66.  3.02  0.
  66.  3.03  0.
  66.  3.04  0.
  66.  3.05  0.
  66.  3.06  0.
  66.  3.07  0.
  66.  3.08  0.
  66.  3.09  0.
  66.  3.1  0.
  67.  2.45  0.
  67.  2.46  0.
  67.  2.47  0.
  67.  2.48  0.
  67.  2.49  0.
  67.  2.5  2.
  67.  2.51  1.
  67.  2.52  3.
  67.  2.53  0.
  67.  2.54  0.
  67.  2.55  5.
  67.  2.56  2.
  67.  2.57  0.
  67.  2.58  2.
  67.  2.59  0.
  67.  2.6  1.
  67.  2.61  2.
  67.  2.62  2.
  67.  2.63  0.
  67.  2.64  0.
  67.  2.65  0.
  67.  2.66  0.
  67.  2.67  1.
  67.  2.68  1.
  67.  2.69  0.
  67.  2.7  0.
  67.  2.71  0.
  67.  2.72  0.
  67.  2.73  0.
  67.  2.74  0.
  67.  2.75  1.
  67.  2.76  1.
  67.  2.77  0.
  67.  2.78  0.
  67.  2.79  0.
  67.  2.8  1.
  67.  2.81  1.
  67.  2.82  1.
  67.  2.83  1.
  67.  2.84  2.
  67.  2.85  0.
  67.  2.86  1.
  67.  2.87  1.
  67.  2.88  0.
  67.  2.89  0.
  67.  2.9  0.
  67.  2.91  0.
  67.  2.92  2.
  67.  2.93  0.
  67.  2.94  1.
  67.  2.95  1.
  67.  2.96  0.
  67.  2.97  0.
  67.  2.98  0.
  67.  2.99  0.
  67.  3.  0.
  67.  3.01  0.
  67.  3.02  0.
  67.  3.03  0.
  67.  3.04  0.
  67.  3.05  0.
  67.  3.06  0.
  67.  3.07  0.
  67.  3.08  0.
  67.  3.09  0.
  67.  3.1  0.
  68.  2.45  0.
  68.  2.46  1.
  68.  2.47  0.
  68.  2.48  1.
  68.  2.49  1.
  68.  2.5  0.
  68.  2.51  0.
  68.  2.52  1.
  68.  2.53  1.
  68.  2.54  0.
  68.  2.55  1.
  68.  2.56  1.
  68.  2.57  2.
  68.  2.58  0.
  68.  2.59  0.
  68.  2.6  0.
  68.  2.61  0.
  68.  2.62  3.
  68.  2.63  2.
  68.  2.64  0.
  68.  2.65  0.
  68.  2.66  0.
  68.  2.67  1.
  68.  2.68  0.
  68.  2.69  2.
  68.  2.7  0.
  68.  2.71  2.
  68.  2.72  1.
  68.  2.73  1.
  68.  2.74  0.
  68.  2.75  0.
  68.  2.76  1.
  68.  2.77  1.
  68.  2.78  1.
  68.  2.79  1.
  68.  2.8  0.
  68.  2.81  0.
  68.  2.82  0.
  68.  2.83  1.
  68.  2.84  1.
  68.  2.85  0.
  68.  2.86  1.
  68.  2.87  0.
  68.  2.88  3.
  68.  2.89  1.
  68.  2.9  0.
  68.  2.91  2.
  68.  2.92  1.
  68.  2.93  0.
  68.  2.94  0.
  68.  2.95  0.
  68.  2.96  0.
  68.  2.97  0.
  68.  2.98  0.
  68.  2.99  0.
  68.  3.  0.
  68.  3.01  0.
  68.  3.02  0.
  68.  3.03  0.
  68.  3.04  0.
  68.  3.05  0.
  68.  3.06  0.
  68.  3.07  0.
  68.  3.08  0.
  68.  3.09  1.
  68.  3.1  0.
  69.  2.45  0.
  69.  2.46  0.
  69.  2.47  0.
  69.  2.48  0.
  69.  2.49  0.
  69.  2.5  1.
  69.  2.51  2.
  69.  2.52  0.
  69.  2.53  1.
  69.  2.54  1.
  69.  2.55  1.
  69.  2.56  1.
  69.  2.57  2.
  69.  2.58  0.
  69.  2.59  1.
  69.  2.6  2.
  69.  2.61  2.
  69.  2.62  2.
  69.  2.63  0.
  69.  2.64  1.
  69.  2.65  1.
  69.  2.66  0.
  69.  2.67  0.
  69.  2.68  1.
  69.  2.69  1.
  69.  2.7  1.
  69.  2.71  2.
  69.  2.72  1.
  69.  2.73  0.
  69.  2.74  0.
  69.  2.75  1.
  69.  2.76  1.
  69.  2.77  0.
  69.  2.78  2.
  69.  2.79  3.
  69.  2.8  1.
  69.  2.81  1.
  69.  2.82  0.
  69.  2.83  1.
  69.  2.84  1.
  69.  2.85  0.
  69.  2.86  0.
  69.  2.87  0.
  69.  2.88  0.
  69.  2.89  0.
  69.  2.9  1.
  69.  2.91  0.
  69.  2.92  0.
  69.  2.93  0.
  69.  2.94  0.
  69.  2.95  0.
  69.  2.96  0.
  69.  2.97  0.
  69.  2.98  0.
  69.  2.99  0.
  69.  3.  0.
  69.  3.01  0.
  69.  3.02  0.
  69.  3.03  0.
  69.  3.04  0.
  69.  3.05  0.
  69.  3.06  0.
  69.  3.07  0.
  69.  3.08  0.
  69.  3.09  0.
  69.  3.1  0.
  70.  2.45  0.
  70.  2.46  0.
  70.  2.47  0.
  70.  2.48  1.
  70.  2.49  0.
  70.  2.5  0.
  70.  2.51  2.
  70.  2.52  0.
  70.  2.53  1.
  70.  2.54  0.
  70.  2.55  1.
  70.  2.56  0.
  70.  2.57  1.
  70.  2.58  1.
  70.  2.59  1.
  70.  2.6  0.
  70.  2.61  1.
  70.  2.62  0.
  70.  2.63  0.
  70.  2.64  3.
  70.  2.65  0.
  70.  2.66  0.
  70.  2.67  0.
  70.  2.68  1.
  70.  2.69  0.
  70.  2.7  1.
  70.  2.71  0.
  70.  2.72  2.
  70.  2.73  2.
  70.  2.74  0.
  70.  2.75  0.
  70.  2.76  1.
  70.  2.77  2.
  70.  2.78  0.
  70.  2.79  1.
  70.  2.8  1.
  70.  2.81  0.
  70.  2.82  0.
  70.  2.83  0.
  70.  2.84  0.
  70.  2.85  0.
  70.  2.86  0.
  70.  2.87  0.
  70.  2.88  0.
  70.  2.89  0.
  70.  2.9  0.
  70.  2.91  1.
  70.  2.92  0.
  70.  2.93  1.
  70.  2.94  0.
  70.  2.95  1.
  70.  2.96  1.
  70.  2.97  0.
  70.  2.98  0.
  70.  2.99  0.
  70.  3.  0.
  70.  3.01  0.
  70.  3.02  0.
  70.  3.03  0.
  70.  3.04  0.
  70.  3.05  1.
  70.  3.06  0.
  70.  3.07  0.
  70.  3.08  0.
  70.  3.09  0.
  70.  3.1  0.
  71.  2.45  0.
  71.  2.46  2.
  71.  2.47  0.
  71.  2.48  0.
  71.  2.49  0.
  71.  2.5  1.
  71.  2.51  1.
  71.  2.52  0.
  71.  2.53  1.
  71.  2.54  0.
  71.  2.55  2.
  71.  2.56  0.
  71.  2.57  2.
  71.  2.58  1.
  71.  2.59  0.
  71.  2.6  1.
  71.  2.61  0.
  71.  2.62  0.
  71.  2.63  0.
  71.  2.64  0.
  71.  2.65  0.
  71.  2.66  1.
  71.  2.67  0.
  71.  2.68  1.
  71.  2.69  1.
  71.  2.7  2.
  71.  2.71  0.
  71.  2.72  2.
  71.  2.73  1.
  71.  2.74  2.
  71.  2.75  1.
  71.  2.76  1.
  71.  2.77  1.
  71.  2.78  2.
  71.  2.79  2.
  71.  2.8  3.
  71.  2.81  0.
  71.  2.82  2.
  71.  2.83  1.
  71.  2.84  0.
  71.  2.85  1.
  71.  2.86  0.
  71.  2.87  0.
  71.  2.88  1.
  71.  2.89  0.
  71.  2.9  0.
  71.  2.91  0.
  71.  2.92  1.
  71.  2.93  0.
  71.  2.94  0.
  71.  2.95  0.
  71.  2.96  0.
  71.  2.97  0.
  71.  2.98  0.
  71.  2.99  1.
  71.  3.  0.
  71.  3.01  0.
  71.  3.02  0.
  71.  3.03  0.
  71.  3.04  0.
  71.  3.05  0.
  71.  3.06  0.
  71.  3.07  0.
  71.  3.08  0.
  71.  3.09  0.
  71.  3.1  0.
  72.  2.45  1.
  72.  2.46  0.
  72.  2.47  1.
  72.  2.48  1.
  72.  2.49  0.
  72.  2.5  0.
  72.  2.51  2.
  72.  2.52  1.
  72.  2.53  1.
  72.  2.54  0.
  72.  2.55  1.
  72.  2.56  1.
  72.  2.57  1.
  72.  2.58  1.
  72.  2.59  0.
  72.  2.6  1.
  72.  2.61  1.
  72.  2.62  2.
  72.  2.63  0.
  72.  2.64  1.
  72.  2.65  0.
  72.  2.66  0.
  72.  2.67  1.
  72.  2.68  0.
  72.  2.69  0.
  72.  2.7  0.
  72.  2.71  1.
  72.  2.72  0.
  72.  2.73  0.
  72.  2.74  2.
  72.  2.75  2.
  72.  2.76  0.
  72.  2.77  1.
  72.  2.78  1.
  72.  2.79  0.
  72.  2.8  0.
  72.  2.81  1.
  72.  2.82  0.
  72.  2.83  0.
  72.  2.84  0.
  72.  2.85  1.
  72.  2.86  0.
  72.  2.87  0.
  72.  2.88  1.
  72.  2.89  1.
  72.  2.9  0.
  72.  2.91  0.
  72.  2.92  0.
  72.  2.93  0.
  72.  2.94  0.
  72.  2.95  0.
  72.  2.96  1.
  72.  2.97  0.
  72.  2.98  0.
  72.  2.99  0.
  72.  3.  0.
  72.  3.01  0.
  72.  3.02  0.
  72.  3.03  0.
  72.  3.04  0.
  72.  3.05  0.
  72.  3.06  0.
  72.  3.07  0.
  72.  3.08  0.
  72.  3.09  0.
  72.  3.1  0.
  73.  2.45  0.
  73.  2.46  1.
  73.  2.47  0.
  73.  2.48  0.
  73.  2.49  0.
  73.  2.5  0.
  73.  2.51  0.
  73.  2.52  1.
  73.  2.53  0.
  73.  2.54  1.
  73.  2.55  2.
  73.  2.56  1.
  73.  2.57  1.
  73.  2.58  2.
  73.  2.59  1.
  73.  2.6  2.
  73.  2.61  1.
  73.  2.62  0.
  73.  2.63  0.
  73.  2.64  0.
  73.  2.65  0.
  73.  2.66  1.
  73.  2.67  0.
  73.  2.68  0.
  73.  2.69  2.
  73.  2.7  1.
  73.  2.71  1.
  73.  2.72  0.
  73.  2.73  2.
  73.  2.74  1.
  73.  2.75  1.
  73.  2.76  1.
  73.  2.77  0.
  73.  2.78  1.
  73.  2.79  0.
  73.  2.8  1.
  73.  2.81  0.
  73.  2.82  0.
  73.  2.83  0.
  73.  2.84  0.
  73.  2.85  0.
  73.  2.86  0.
  73.  2.87  0.
  73.  2.88  0.
  73.  2.89  0.
  73.  2.9  1.
  73.  2.91  0.
  73.  2.92  0.
  73.  2.93  0.
  73.  2.94  0.
  73.  2.95  0.
  73.  2.96  0.
  73.  2.97  1.
  73.  2.98  0.
  73.  2.99  0.
  73.  3.  0.
  73.  3.01  0.
  73.  3.02  0.
  73.  3.03  0.
  73.  3.04  0.
  73.  3.05  0.
  73.  3.06  0.
  73.  3.07  0.
  73.  3.08  0.
  73.  3.09  0.
  73.  3.1  0.
  74.  2.45  2.
  74.  2.46  0.
  74.  2.47  1.
  74.  2.48  0.
  74.  2.49  0.
  74.  2.5  1.
  74.  2.51  1.
  74.  2.52  1.
  74.  2.53  1.
  74.  2.54  0.
  74.  2.55  0.
  74.  2.56  1.
  74.  2.57  1.
  74.  2.58  1.
  74.  2.59  0.
  74.  2.6  1.
  74.  2.61  2.
  74.  2.62  0.
  74.  2.63  1.
  74.  2.64  0.
  74.  2.65  0.
  74.  2.66  0.
  74.  2.67  0.
  74.  2.68  1.
  74.  2.69  0.
  74.  2.7  1.
  74.  2.71  0.
  74.  2.72  0.
  74.  2.73  1.
  74.  2.74  0.
  74.  2.75  2.
  74.  2.76  1.
  74.  2.77  0.
  74.  2.78  0.
  74.  2.79  2.
  74.  2.8  1.
  74.  2.81  1.
  74.  2.82  0.
  74.  2.83  1.
  74.  2.84  0.
  74.  2.85  0.
  74.  2.86  1.
  74.  2.87  1.
  74.  2.88  0.
  74.  2.89  1.
  74.  2.9  0.
  74.  2.91  0.
  74.  2.92  0.
  74.  2.93  0.
  74.  2.94  0.
  74.  2.95  0.
  74.  2.96  0.
  74.  2.97  0.
  74.  2.98  0.
  74.  2.99  0.
  74.  3.  0.
  74.  3.01  0.
  74.  3.02  0.
  74.  3.03  0.
  74.  3.04  1.
  74.  3.05  0.
  74.  3.06  0.
  74.  3.07  0.
  74.  3.08  0.
  74.  3.09  0.
  74.  3.1  0.
  75.  2.45  0.
  75.  2.46  0.
  75.  2.47  0.
  75.  2.48  0.
  75.  2.49  2.
  75.  2.5  1.
  75.  2.51  1.
  75.  2.52  1.
  75.  2.53  1.
  75.  2.54  0.
  75.  2.55  1.
  75.  2.56  1.
  75.  2.57  0.
  75.  2.58  1.
  75.  2.59  1.
  75.  2.6  3.
  75.  2.61  0.
  75.  2.62  1.
  75.  2.63  0.
  75.  2.64  0.
  75.  2.65  0.
  75.  2.66  0.
  75.  2.67  2.
  75.  2.68  2.
  75.  2.69  1.
  75.  2.7  0.
  75.  2.71  0.
  75.  2.72  0.
  75.  2.73  1.
  75.  2.74  0.
  75.  2.75  0.
  75.  2.76  0.
  75.  2.77  1.
  75.  2.78  0.
  75.  2.79  0.
  75.  2.8  1.
  75.  2.81  0.
  75.  2.82  2.
  75.  2.83  1.
  75.  2.84  0.
  75.  2.85  1.
  75.  2.86  1.
  75.  2.87  1.
  75.  2.88  0.
  75.  2.89  0.
  75.  2.9  0.
  75.  2.91  1.
  75.  2.92  0.
  75.  2.93  1.
  75.  2.94  0.
  75.  2.95  1.
  75.  2.96  0.
  75.  2.97  0.
  75.  2.98  0.
  75.  2.99  0.
  75.  3.  0.
  75.  3.01  0.
  75.  3.02  0.
  75.  3.03  0.
  75.  3.04  0.
  75.  3.05  1.
  75.  3.06  0.
  75.  3.07  0.
  75.  3.08  0.
  75.  3.09  0.
  75.  3.1  1.
  76.  2.45  0.
  76.  2.46  0.
  76.  2.47  0.
  76.  2.48  0.
  76.  2.49  0.
  76.  2.5  0.
  76.  2.51  0.
  76.  2.52  0.
  76.  2.53  0.
  76.  2.54  0.
  76.  2.55  0.
  76.  2.56  0.
  76.  2.57  0.
  76.  2.58  1.
  76.  2.59  1.
  76.  2.6  0.
  76.  2.61  3.
  76.  2.62  2.
  76.  2.63  1.
  76.  2.64  0.
  76.  2.65  0.
  76.  2.66  0.
  76.  2.67  1.
  76.  2.68  0.
  76.  2.69  0.
  76.  2.7  0.
  76.  2.71  1.
  76.  2.72  1.
  76.  2.73  1.
  76.  2.74  0.
  76.  2.75  0.
  76.  2.76  2.
  76.  2.77  1.
  76.  2.78  2.
  76.  2.79  0.
  76.  2.8  1.
  76.  2.81  1.
  76.  2.82  0.
  76.  2.83  0.
  76.  2.84  0.
  76.  2.85  0.
  76.  2.86  0.
  76.  2.87  0.
  76.  2.88  0.
  76.  2.89  2.
  76.  2.9  0.
  76.  2.91  0.
  76.  2.92  0.
  76.  2.93  0.
  76.  2.94  0.
  76.  2.95  1.
  76.  2.96  0.
  76.  2.97  0.
  76.  2.98  0.
  76.  2.99  0.
  76.  3.  1.
  76.  3.01  0.
  76.  3.02  0.
  76.  3.03  0.
  76.  3.04  0.
  76.  3.05  0.
  76.  3.06  0.
  76.  3.07  0.
  76.  3.08  0.
  76.  3.09  0.
  76.  3.1  0.
  77.  2.45  0.
  77.  2.46  0.
  77.  2.47  0.
  77.  2.48  0.
  77.  2.49  1.
  77.  2.5  2.
  77.  2.51  0.
  77.  2.52  2.
  77.  2.53  1.
  77.  2.54  2.
  77.  2.55  0.
  77.  2.56  1.
  77.  2.57  1.
  77.  2.58  0.
  77.  2.59  0.
  77.  2.6  0.
  77.  2.61  2.
  77.  2.62  1.
  77.  2.63  0.
  77.  2.64  0.
  77.  2.65  0.
  77.  2.66  0.
  77.  2.67  0.
  77.  2.68  1.
  77.  2.69  0.
  77.  2.7  0.
  77.  2.71  0.
  77.  2.72  1.
  77.  2.73  1.
  77.  2.74  1.
  77.  2.75  1.
  77.  2.76  0.
  77.  2.77  0.
  77.  2.78  0.
  77.  2.79  1.
  77.  2.8  1.
  77.  2.81  0.
  77.  2.82  1.
  77.  2.83  0.
  77.  2.84  0.
  77.  2.85  0.
  77.  2.86  0.
  77.  2.87  0.
  77.  2.88  0.
  77.  2.89  0.
  77.  2.9  0.
  77.  2.91  0.
  77.  2.92  1.
  77.  2.93  0.
  77.  2.94  0.
  77.  2.95  0.
  77.  2.96  0.
  77.  2.97  0.
  77.  2.98  0.
  77.  2.99  0.
  77.  3.  0.
  77.  3.01  0.
  77.  3.02  0.
  77.  3.03  0.
  77.  3.04  0.
  77.  3.05  0.
  77.  3.06  0.
  77.  3.07  0.
  77.  3.08  0.
  77.  3.09  0.
  77.  3.1  0.
  78.  2.45  0.
  78.  2.46  0.
  78.  2.47  0.
  78.  2.48  0.
  78.  2.49  0.
  78.  2.5  0.
  78.  2.51  0.
  78.  2.52  0.
  78.  2.53  2.
  78.  2.54  0.
  78.  2.55  1.
  78.  2.56  0.
  78.  2.57  2.
  78.  2.58  2.
  78.  2.59  1.
  78.  2.6  0.
  78.  2.61  4.
  78.  2.62  0.
  78.  2.63  0.
  78.  2.64  0.
  78.  2.65  0.
  78.  2.66  0.
  78.  2.67  0.
  78.  2.68  0.
  78.  2.69  2.
  78.  2.7  0.
  78.  2.71  0.
  78.  2.72  0.
  78.  2.73  0.
  78.  2.74  2.
  78.  2.75  2.
  78.  2.76  2.
  78.  2.77  1.
  78.  2.78  1.
  78.  2.79  0.
  78.  2.8  0.
  78.  2.81  1.
  78.  2.82  0.
  78.  2.83  0.
  78.  2.84  1.
  78.  2.85  0.
  78.  2.86  0.
  78.  2.87  0.
  78.  2.88  2.
  78.  2.89  0.
  78.  2.9  0.
  78.  2.91  0.
  78.  2.92  1.
  78.  2.93  0.
  78.  2.94  0.
  78.  2.95  1.
  78.  2.96  0.
  78.  2.97  0.
  78.  2.98  0.
  78.  2.99  0.
  78.  3.  0.
  78.  3.01  0.
  78.  3.02  0.
  78.  3.03  0.
  78.  3.04  0.
  78.  3.05  0.
  78.  3.06  0.
  78.  3.07  0.
  78.  3.08  0.
  78.  3.09  0.
  78.  3.1  0.
  79.  2.45  1.
  79.  2.46  0.
  79.  2.47  0.
  79.  2.48  0.
  79.  2.49  1.
  79.  2.5  0.
  79.  2.51  0.
  79.  2.52  0.
  79.  2.53  2.
  79.  2.54  2.
  79.  2.55  0.
  79.  2.56  2.
  79.  2.57  0.
  79.  2.58  1.
  79.  2.59  0.
  79.  2.6  0.
  79.  2.61  0.
  79.  2.62  0.
  79.  2.63  0.
  79.  2.64  0.
  79.  2.65  0.
  79.  2.66  0.
  79.  2.67  0.
  79.  2.68  0.
  79.  2.69  0.
  79.  2.7  0.
  79.  2.71  1.
  79.  2.72  1.
  79.  2.73  2.
  79.  2.74  1.
  79.  2.75  1.
  79.  2.76  0.
  79.  2.77  1.
  79.  2.78  0.
  79.  2.79  0.
  79.  2.8  1.
  79.  2.81  0.
  79.  2.82  3.
  79.  2.83  0.
  79.  2.84  2.
  79.  2.85  0.
  79.  2.86  1.
  79.  2.87  0.
  79.  2.88  1.
  79.  2.89  0.
  79.  2.9  0.
  79.  2.91  0.
  79.  2.92  0.
  79.  2.93  0.
  79.  2.94  0.
  79.  2.95  0.
  79.  2.96  1.
  79.  2.97  0.
  79.  2.98  0.
  79.  2.99  0.
  79.  3.  0.
  79.  3.01  0.
  79.  3.02  0.
  79.  3.03  0.
  79.  3.04  0.
  79.  3.05  0.
  79.  3.06  0.
  79.  3.07  0.
  79.  3.08  0.
  79.  3.09  0.
  79.  3.1  0.
